0.000000000000000000e+00 6.645048729999999750e+02
2.000000000000000000e+00 6.645349329999999100e+02
4.000000000000000000e+00 6.645649929999999586e+02
6.000000000000000000e+00 6.645492094999999608e+02
8.000000000000000000e+00 6.645334259999999631e+02
1.000000000000000000e+01 6.645725689999999304e+02
1.200000000000000000e+01 6.646117120000000114e+02
1.400000000000000000e+01 6.647308239999999842e+02
1.600000000000000000e+01 6.648499359999999569e+02
1.800000000000000000e+01 6.649882135000000289e+02
2.000000000000000000e+01 6.651264909999999873e+02
2.200000000000000000e+01 6.653878204999999753e+02
2.400000000000000000e+01 6.656491499999999633e+02
2.600000000000000000e+01 6.658015164999999342e+02
2.800000000000000000e+01 6.659538830000000189e+02
3.000000000000000000e+01 6.661400599999999486e+02
3.200000000000000000e+01 6.663262369999999919e+02
3.400000000000000000e+01 6.664784935000000132e+02
3.600000000000000000e+01 6.666307500000000346e+02
3.800000000000000000e+01 6.668251064999999471e+02
4.000000000000000000e+01 6.670194629999999734e+02
4.200000000000000000e+01 6.672279095000000098e+02
4.400000000000000000e+01 6.674363560000000462e+02
4.600000000000000000e+01 6.676016114999999900e+02
4.800000000000000000e+01 6.677668670000000475e+02
5.000000000000000000e+01 6.679562479999999596e+02
5.200000000000000000e+01 6.681456289999999854e+02
5.400000000000000000e+01 6.682980430000000069e+02
5.600000000000000000e+01 6.684504570000000285e+02
5.800000000000000000e+01 6.687049635000000762e+02
6.000000000000000000e+01 6.689594700000000103e+02
6.200000000000000000e+01 6.691835869999999886e+02
6.400000000000000000e+01 6.694077039999999670e+02
6.600000000000000000e+01 6.696142324999999573e+02
6.800000000000000000e+01 6.698207609999999477e+02
7.000000000000000000e+01 6.699840744999999060e+02
7.200000000000000000e+01 6.701473879999999781e+02
7.400000000000000000e+01 6.703177024999999958e+02
7.600000000000000000e+01 6.704880170000000135e+02
7.800000000000000000e+01 6.705985415000000103e+02
8.000000000000000000e+01 6.707090660000000071e+02
