2.000000000000000000e+00 1.000000000000000000e+00 3.225469999999999726e-02
2.000000000000000000e+00 3.000000000000000000e+00 3.303760000000000030e-02
2.000000000000000000e+00 5.000000000000000000e+00 4.775569999999999815e-02
2.000000000000000000e+00 7.000000000000000000e+00 5.401879999999999876e-02
2.000000000000000000e+00 9.000000000000000000e+00 5.934239999999999654e-02
2.000000000000000000e+00 1.100000000000000000e+01 6.638829999999999731e-02
2.000000000000000000e+00 1.300000000000000000e+01 7.374740000000000462e-02
2.000000000000000000e+00 1.500000000000000000e+01 7.703550000000000675e-02
2.000000000000000000e+00 1.700000000000000000e+01 8.345510000000000428e-02
2.000000000000000000e+00 1.900000000000000000e+01 8.768270000000000231e-02
2.000000000000000000e+00 2.100000000000000000e+01 9.519829999999999959e-02
2.000000000000000000e+00 2.300000000000000000e+01 1.003649999999999959e-01
2.000000000000000000e+00 2.500000000000000000e+01 1.047489999999999949e-01
2.000000000000000000e+00 2.700000000000000000e+01 1.069419999999999954e-01
2.000000000000000000e+00 2.900000000000000000e+01 1.099159999999999998e-01
2.000000000000000000e+00 3.100000000000000000e+01 1.113259999999999944e-01
2.000000000000000000e+00 3.300000000000000000e+01 1.144570000000000032e-01
2.000000000000000000e+00 3.500000000000000000e+01 1.117950000000000055e-01
2.000000000000000000e+00 3.700000000000000000e+01 1.125779999999999975e-01
2.000000000000000000e+00 3.900000000000000000e+01 1.102299999999999947e-01
2.000000000000000000e+00 4.100000000000000000e+01 1.111690000000000039e-01
4.000000000000000000e+00 1.000000000000000000e+00 4.431109999999999910e-02
4.000000000000000000e+00 3.000000000000000000e+00 3.710859999999999853e-02
4.000000000000000000e+00 5.000000000000000000e+00 3.538619999999999960e-02
4.000000000000000000e+00 7.000000000000000000e+00 5.495819999999999872e-02
4.000000000000000000e+00 9.000000000000000000e+00 5.965550000000000019e-02
4.000000000000000000e+00 1.100000000000000000e+01 6.466600000000000126e-02
4.000000000000000000e+00 1.300000000000000000e+01 7.202509999999999468e-02
4.000000000000000000e+00 1.500000000000000000e+01 7.672229999999999328e-02
4.000000000000000000e+00 1.700000000000000000e+01 8.376830000000000387e-02
4.000000000000000000e+00 1.900000000000000000e+01 8.768270000000000231e-02
4.000000000000000000e+00 2.100000000000000000e+01 9.488520000000000287e-02
4.000000000000000000e+00 2.300000000000000000e+01 1.022440000000000015e-01
4.000000000000000000e+00 2.500000000000000000e+01 1.064719999999999972e-01
4.000000000000000000e+00 2.700000000000000000e+01 1.100730000000000042e-01
4.000000000000000000e+00 2.900000000000000000e+01 1.122650000000000037e-01
4.000000000000000000e+00 3.100000000000000000e+01 1.138310000000000016e-01
4.000000000000000000e+00 3.300000000000000000e+01 1.172760000000000052e-01
4.000000000000000000e+00 3.500000000000000000e+01 1.164929999999999993e-01
4.000000000000000000e+00 3.700000000000000000e+01 1.175889999999999991e-01
4.000000000000000000e+00 3.900000000000000000e+01 1.138310000000000016e-01
4.000000000000000000e+00 4.100000000000000000e+01 1.150840000000000057e-01
6.000000000000000000e+00 1.000000000000000000e+00 5.229650000000000271e-02
6.000000000000000000e+00 3.000000000000000000e+00 4.791229999999999795e-02
6.000000000000000000e+00 5.000000000000000000e+00 3.977039999999999742e-02
6.000000000000000000e+00 7.000000000000000000e+00 3.632570000000000243e-02
6.000000000000000000e+00 9.000000000000000000e+00 5.386219999999999897e-02
6.000000000000000000e+00 1.100000000000000000e+01 5.808979999999999699e-02
6.000000000000000000e+00 1.300000000000000000e+01 6.623170000000000446e-02
6.000000000000000000e+00 1.500000000000000000e+01 7.218159999999999854e-02
6.000000000000000000e+00 1.700000000000000000e+01 7.954070000000000584e-02
6.000000000000000000e+00 1.900000000000000000e+01 8.376830000000000387e-02
6.000000000000000000e+00 2.100000000000000000e+01 9.128390000000000115e-02
6.000000000000000000e+00 2.300000000000000000e+01 9.911269999999999802e-02
6.000000000000000000e+00 2.500000000000000000e+01 1.047489999999999949e-01
6.000000000000000000e+00 2.700000000000000000e+01 1.077240000000000003e-01
6.000000000000000000e+00 2.900000000000000000e+01 1.125779999999999975e-01
6.000000000000000000e+00 3.100000000000000000e+01 1.153969999999999996e-01
6.000000000000000000e+00 3.300000000000000000e+01 1.185279999999999945e-01
6.000000000000000000e+00 3.500000000000000000e+01 1.153969999999999996e-01
6.000000000000000000e+00 3.700000000000000000e+01 1.175889999999999991e-01
6.000000000000000000e+00 3.900000000000000000e+01 1.133610000000000034e-01
6.000000000000000000e+00 4.100000000000000000e+01 1.135179999999999939e-01
8.000000000000000000e+00 1.000000000000000000e+00 6.012529999999999958e-02
8.000000000000000000e+00 3.000000000000000000e+00 5.793319999999999720e-02
8.000000000000000000e+00 5.000000000000000000e+00 4.619000000000000189e-02
8.000000000000000000e+00 7.000000000000000000e+00 3.836119999999999808e-02
8.000000000000000000e+00 9.000000000000000000e+00 3.616910000000000264e-02
8.000000000000000000e+00 1.100000000000000000e+01 4.916489999999999749e-02
8.000000000000000000e+00 1.300000000000000000e+01 5.746350000000000069e-02
8.000000000000000000e+00 1.500000000000000000e+01 6.388309999999999822e-02
8.000000000000000000e+00 1.700000000000000000e+01 7.249479999999999813e-02
8.000000000000000000e+00 1.900000000000000000e+01 7.719209999999999960e-02
8.000000000000000000e+00 2.100000000000000000e+01 8.455110000000000403e-02
8.000000000000000000e+00 2.300000000000000000e+01 9.363259999999999639e-02
8.000000000000000000e+00 2.500000000000000000e+01 9.864299999999999458e-02
8.000000000000000000e+00 2.700000000000000000e+01 1.028710000000000041e-01
8.000000000000000000e+00 2.900000000000000000e+01 1.080379999999999951e-01
8.000000000000000000e+00 3.100000000000000000e+01 1.108559999999999962e-01
8.000000000000000000e+00 3.300000000000000000e+01 1.146139999999999937e-01
8.000000000000000000e+00 3.500000000000000000e+01 1.143009999999999998e-01
8.000000000000000000e+00 3.700000000000000000e+01 1.149270000000000014e-01
8.000000000000000000e+00 3.900000000000000000e+01 1.117950000000000055e-01
8.000000000000000000e+00 4.100000000000000000e+01 1.125779999999999975e-01
1.000000000000000000e+01 1.000000000000000000e+00 6.889349999999999641e-02
1.000000000000000000e+01 3.000000000000000000e+00 6.685800000000000076e-02
1.000000000000000000e+01 5.000000000000000000e+00 6.403970000000000495e-02
1.000000000000000000e+01 7.000000000000000000e+00 5.699370000000000130e-02
1.000000000000000000e+01 9.000000000000000000e+00 3.804799999999999849e-02
1.000000000000000000e+01 1.100000000000000000e+01 3.773490000000000177e-02
1.000000000000000000e+01 1.300000000000000000e+01 5.464510000000000201e-02
1.000000000000000000e+01 1.500000000000000000e+01 6.576200000000000101e-02
1.000000000000000000e+01 1.700000000000000000e+01 6.967639999999999945e-02
1.000000000000000000e+01 1.900000000000000000e+01 7.280789999999999484e-02
1.000000000000000000e+01 2.100000000000000000e+01 8.016700000000000215e-02
1.000000000000000000e+01 2.300000000000000000e+01 8.924840000000000551e-02
1.000000000000000000e+01 2.500000000000000000e+01 9.566810000000000591e-02
1.000000000000000000e+01 2.700000000000000000e+01 1.000520000000000020e-01
1.000000000000000000e+01 2.900000000000000000e+01 1.055320000000000008e-01
1.000000000000000000e+01 3.100000000000000000e+01 1.089770000000000044e-01
1.000000000000000000e+01 3.300000000000000000e+01 1.146139999999999937e-01
1.000000000000000000e+01 3.500000000000000000e+01 1.135179999999999939e-01
1.000000000000000000e+01 3.700000000000000000e+01 1.146139999999999937e-01
1.000000000000000000e+01 3.900000000000000000e+01 1.121090000000000003e-01
1.000000000000000000e+01 4.100000000000000000e+01 1.122650000000000037e-01
1.200000000000000000e+01 1.000000000000000000e+00 7.562629999999999353e-02
1.200000000000000000e+01 3.000000000000000000e+00 7.202509999999999468e-02
1.200000000000000000e+01 5.000000000000000000e+00 6.685800000000000076e-02
1.200000000000000000e+01 7.000000000000000000e+00 6.122129999999999933e-02
1.200000000000000000e+01 9.000000000000000000e+00 5.292279999999999901e-02
1.200000000000000000e+01 1.100000000000000000e+01 4.227560000000000345e-02
1.200000000000000000e+01 1.300000000000000000e+01 3.867430000000000173e-02
1.200000000000000000e+01 1.500000000000000000e+01 5.996869999999999978e-02
1.200000000000000000e+01 1.700000000000000000e+01 6.169100000000000278e-02
1.200000000000000000e+01 1.900000000000000000e+01 6.717120000000000035e-02
1.200000000000000000e+01 2.100000000000000000e+01 7.484340000000000437e-02
1.200000000000000000e+01 2.300000000000000000e+01 8.282879999999999410e-02
1.200000000000000000e+01 2.500000000000000000e+01 8.987470000000000181e-02
1.200000000000000000e+01 2.700000000000000000e+01 9.613779999999999548e-02
1.200000000000000000e+01 2.900000000000000000e+01 1.020879999999999982e-01
1.200000000000000000e+01 3.100000000000000000e+01 1.053759999999999974e-01
1.200000000000000000e+01 3.300000000000000000e+01 1.108559999999999962e-01
1.200000000000000000e+01 3.500000000000000000e+01 1.105430000000000024e-01
1.200000000000000000e+01 3.700000000000000000e+01 1.117950000000000055e-01
1.200000000000000000e+01 3.900000000000000000e+01 1.097599999999999965e-01
1.200000000000000000e+01 4.100000000000000000e+01 1.116390000000000021e-01
1.400000000000000000e+01 1.000000000000000000e+00 7.985390000000000543e-02
1.400000000000000000e+01 3.000000000000000000e+00 7.860129999999999895e-02
1.400000000000000000e+01 5.000000000000000000e+00 7.218159999999999854e-02
1.400000000000000000e+01 7.000000000000000000e+00 6.685800000000000076e-02
1.400000000000000000e+01 9.000000000000000000e+00 5.902919999999999695e-02
1.400000000000000000e+01 1.100000000000000000e+01 5.464510000000000201e-02
1.400000000000000000e+01 1.300000000000000000e+01 3.554279999999999939e-02
1.400000000000000000e+01 1.500000000000000000e+01 3.695199999999999874e-02
1.400000000000000000e+01 1.700000000000000000e+01 5.558459999999999790e-02
1.400000000000000000e+01 1.900000000000000000e+01 5.996869999999999978e-02
1.400000000000000000e+01 2.100000000000000000e+01 6.858039999999999969e-02
1.400000000000000000e+01 2.300000000000000000e+01 7.813150000000000650e-02
1.400000000000000000e+01 2.500000000000000000e+01 8.439460000000000017e-02
1.400000000000000000e+01 2.700000000000000000e+01 8.924840000000000551e-02
1.400000000000000000e+01 2.900000000000000000e+01 9.488520000000000287e-02
1.400000000000000000e+01 3.100000000000000000e+01 9.926930000000000476e-02
1.400000000000000000e+01 3.300000000000000000e+01 1.060019999999999990e-01
1.400000000000000000e+01 3.500000000000000000e+01 1.063150000000000067e-01
1.400000000000000000e+01 3.700000000000000000e+01 1.080379999999999951e-01
1.400000000000000000e+01 3.900000000000000000e+01 1.060019999999999990e-01
1.400000000000000000e+01 4.100000000000000000e+01 1.074110000000000065e-01
1.600000000000000000e+01 1.000000000000000000e+00 8.658659999999999968e-02
1.600000000000000000e+01 3.000000000000000000e+00 8.580379999999999951e-02
1.600000000000000000e+01 5.000000000000000000e+00 8.173279999999999434e-02
1.600000000000000000e+01 7.000000000000000000e+00 7.938409999999999911e-02
1.600000000000000000e+01 9.000000000000000000e+00 7.359079999999999788e-02
1.600000000000000000e+01 1.100000000000000000e+01 6.670149999999999690e-02
1.600000000000000000e+01 1.300000000000000000e+01 5.871610000000000024e-02
1.600000000000000000e+01 1.500000000000000000e+01 3.679539999999999894e-02
1.600000000000000000e+01 1.700000000000000000e+01 3.851770000000000194e-02
1.600000000000000000e+01 1.900000000000000000e+01 5.746350000000000069e-02
1.600000000000000000e+01 2.100000000000000000e+01 6.435280000000000167e-02
1.600000000000000000e+01 2.300000000000000000e+01 7.468679999999999763e-02
1.600000000000000000e+01 2.500000000000000000e+01 8.282879999999999410e-02
1.600000000000000000e+01 2.700000000000000000e+01 8.893529999999999491e-02
1.600000000000000000e+01 2.900000000000000000e+01 9.206680000000000419e-02
1.600000000000000000e+01 3.100000000000000000e+01 9.566810000000000591e-02
1.600000000000000000e+01 3.300000000000000000e+01 1.038099999999999995e-01
1.600000000000000000e+01 3.500000000000000000e+01 1.033400000000000013e-01
1.600000000000000000e+01 3.700000000000000000e+01 1.061590000000000034e-01
1.600000000000000000e+01 3.900000000000000000e+01 1.028710000000000041e-01
1.600000000000000000e+01 4.100000000000000000e+01 1.049059999999999993e-01
1.800000000000000000e+01 1.000000000000000000e+00 8.736950000000000272e-02
1.800000000000000000e+01 3.000000000000000000e+00 8.549059999999999993e-02
1.800000000000000000e+01 5.000000000000000000e+00 8.282879999999999410e-02
1.800000000000000000e+01 7.000000000000000000e+00 7.860129999999999895e-02
1.800000000000000000e+01 9.000000000000000000e+00 7.186850000000000183e-02
1.800000000000000000e+01 1.100000000000000000e+01 6.544890000000000430e-02
1.800000000000000000e+01 1.300000000000000000e+01 5.855950000000000044e-02
1.800000000000000000e+01 1.500000000000000000e+01 5.026100000000000012e-02
1.800000000000000000e+01 1.700000000000000000e+01 3.851770000000000194e-02
1.800000000000000000e+01 1.900000000000000000e+01 3.554279999999999939e-02
1.800000000000000000e+01 2.100000000000000000e+01 5.073069999999999663e-02
1.800000000000000000e+01 2.300000000000000000e+01 6.325680000000000192e-02
1.800000000000000000e+01 2.500000000000000000e+01 6.936330000000000273e-02
1.800000000000000000e+01 2.700000000000000000e+01 7.374740000000000462e-02
1.800000000000000000e+01 2.900000000000000000e+01 8.110649999999999804e-02
1.800000000000000000e+01 3.100000000000000000e+01 8.596030000000000337e-02
1.800000000000000000e+01 3.300000000000000000e+01 9.269310000000000049e-02
1.800000000000000000e+01 3.500000000000000000e+01 9.441549999999999943e-02
1.800000000000000000e+01 3.700000000000000000e+01 9.801669999999999827e-02
1.800000000000000000e+01 3.900000000000000000e+01 9.551149999999999918e-02
1.800000000000000000e+01 4.100000000000000000e+01 9.832989999999999786e-02
2.000000000000000000e+01 1.000000000000000000e+00 9.692069999999999852e-02
2.000000000000000000e+01 3.000000000000000000e+00 9.457200000000000328e-02
2.000000000000000000e+01 5.000000000000000000e+00 8.987470000000000181e-02
2.000000000000000000e+01 7.000000000000000000e+00 8.643009999999999582e-02
2.000000000000000000e+01 9.000000000000000000e+00 8.048020000000000174e-02
2.000000000000000000e+01 1.100000000000000000e+01 7.406050000000000133e-02
2.000000000000000000e+01 1.300000000000000000e+01 6.654490000000000405e-02
2.000000000000000000e+01 1.500000000000000000e+01 5.808979999999999699e-02
2.000000000000000000e+01 1.700000000000000000e+01 5.339250000000000246e-02
2.000000000000000000e+01 1.900000000000000000e+01 3.444679999999999964e-02
2.000000000000000000e+01 2.100000000000000000e+01 3.522959999999999980e-02
2.000000000000000000e+01 2.300000000000000000e+01 5.026100000000000012e-02
2.000000000000000000e+01 2.500000000000000000e+01 5.981209999999999999e-02
2.000000000000000000e+01 2.700000000000000000e+01 6.544890000000000430e-02
2.000000000000000000e+01 2.900000000000000000e+01 7.437370000000000092e-02
2.000000000000000000e+01 3.100000000000000000e+01 7.985390000000000543e-02
2.000000000000000000e+01 3.300000000000000000e+01 8.658659999999999968e-02
2.000000000000000000e+01 3.500000000000000000e+01 8.862209999999999532e-02
2.000000000000000000e+01 3.700000000000000000e+01 9.222339999999999705e-02
2.000000000000000000e+01 3.900000000000000000e+01 9.018790000000000140e-02
2.000000000000000000e+01 4.100000000000000000e+01 9.363259999999999639e-02
2.200000000000000000e+01 1.000000000000000000e+00 1.042799999999999977e-01
2.200000000000000000e+01 3.000000000000000000e+00 1.030269999999999936e-01
2.200000000000000000e+01 5.000000000000000000e+00 9.989560000000000106e-02
2.200000000000000000e+01 7.000000000000000000e+00 9.707720000000000238e-02
2.200000000000000000e+01 9.000000000000000000e+00 9.081419999999999770e-02
2.200000000000000000e+01 1.100000000000000000e+01 8.408140000000000058e-02
2.200000000000000000e+01 1.300000000000000000e+01 7.875780000000000280e-02
2.200000000000000000e+01 1.500000000000000000e+01 7.265140000000000486e-02
2.200000000000000000e+01 1.700000000000000000e+01 6.670149999999999690e-02
2.200000000000000000e+01 1.900000000000000000e+01 5.276619999999999922e-02
2.200000000000000000e+01 2.100000000000000000e+01 3.585599999999999898e-02
2.200000000000000000e+01 2.300000000000000000e+01 3.757830000000000198e-02
2.200000000000000000e+01 2.500000000000000000e+01 5.182670000000000332e-02
2.200000000000000000e+01 2.700000000000000000e+01 5.793319999999999720e-02
2.200000000000000000e+01 2.900000000000000000e+01 6.654490000000000405e-02
2.200000000000000000e+01 3.100000000000000000e+01 7.280789999999999484e-02
2.200000000000000000e+01 3.300000000000000000e+01 8.110649999999999804e-02
2.200000000000000000e+01 3.500000000000000000e+01 8.345510000000000428e-02
2.200000000000000000e+01 3.700000000000000000e+01 8.674320000000000641e-02
2.200000000000000000e+01 3.900000000000000000e+01 8.533399999999999319e-02
2.200000000000000000e+01 4.100000000000000000e+01 8.909190000000000165e-02
2.400000000000000000e+01 1.000000000000000000e+00 1.088200000000000001e-01
2.400000000000000000e+01 3.000000000000000000e+00 1.074110000000000065e-01
2.400000000000000000e+01 5.000000000000000000e+00 1.052189999999999931e-01
2.400000000000000000e+01 7.000000000000000000e+00 1.016180000000000000e-01
2.400000000000000000e+01 9.000000000000000000e+00 9.754699999999999482e-02
2.400000000000000000e+01 1.100000000000000000e+01 9.034449999999999426e-02
2.400000000000000000e+01 1.300000000000000000e+01 8.345510000000000428e-02
2.400000000000000000e+01 1.500000000000000000e+01 7.546970000000000067e-02
2.400000000000000000e+01 1.700000000000000000e+01 7.233820000000000527e-02
2.400000000000000000e+01 1.900000000000000000e+01 6.263050000000000561e-02
2.400000000000000000e+01 2.100000000000000000e+01 5.527139999999999831e-02
2.400000000000000000e+01 2.300000000000000000e+01 4.133610000000000062e-02
2.400000000000000000e+01 2.500000000000000000e+01 4.055319999999999758e-02
2.400000000000000000e+01 2.700000000000000000e+01 5.120040000000000008e-02
2.400000000000000000e+01 2.900000000000000000e+01 6.122129999999999933e-02
2.400000000000000000e+01 3.100000000000000000e+01 6.764090000000000380e-02
2.400000000000000000e+01 3.300000000000000000e+01 7.578290000000000026e-02
2.400000000000000000e+01 3.500000000000000000e+01 7.922759999999999525e-02
2.400000000000000000e+01 3.700000000000000000e+01 8.376830000000000387e-02
2.400000000000000000e+01 3.900000000000000000e+01 8.204590000000000494e-02
2.400000000000000000e+01 4.100000000000000000e+01 8.564720000000000666e-02
2.600000000000000000e+01 1.000000000000000000e+00 1.096030000000000060e-01
2.600000000000000000e+01 3.000000000000000000e+00 1.069419999999999954e-01
2.600000000000000000e+01 5.000000000000000000e+00 1.036529999999999951e-01
2.600000000000000000e+01 7.000000000000000000e+00 1.016180000000000000e-01
2.600000000000000000e+01 9.000000000000000000e+00 9.895619999999999417e-02
2.600000000000000000e+01 1.100000000000000000e+01 9.441549999999999943e-02
2.600000000000000000e+01 1.300000000000000000e+01 8.893529999999999491e-02
2.600000000000000000e+01 1.500000000000000000e+01 8.048020000000000174e-02
2.600000000000000000e+01 1.700000000000000000e+01 7.343420000000000503e-02
2.600000000000000000e+01 1.900000000000000000e+01 6.732779999999999321e-02
2.600000000000000000e+01 2.100000000000000000e+01 6.216080000000000216e-02
2.600000000000000000e+01 2.300000000000000000e+01 5.527139999999999831e-02
2.600000000000000000e+01 2.500000000000000000e+01 3.883090000000000153e-02
2.600000000000000000e+01 2.700000000000000000e+01 3.820459999999999828e-02
2.600000000000000000e+01 2.900000000000000000e+01 5.965550000000000019e-02
2.600000000000000000e+01 3.100000000000000000e+01 5.965550000000000019e-02
2.600000000000000000e+01 3.300000000000000000e+01 6.811059999999999337e-02
2.600000000000000000e+01 3.500000000000000000e+01 7.108559999999999879e-02
2.600000000000000000e+01 3.700000000000000000e+01 7.640919999999999657e-02
2.600000000000000000e+01 3.900000000000000000e+01 7.468679999999999763e-02
2.600000000000000000e+01 4.100000000000000000e+01 8.032359999999999500e-02
2.800000000000000000e+01 1.000000000000000000e+00 1.125779999999999975e-01
2.800000000000000000e+01 3.000000000000000000e+00 1.124219999999999942e-01
2.800000000000000000e+01 5.000000000000000000e+00 1.106990000000000057e-01
2.800000000000000000e+01 7.000000000000000000e+00 1.102299999999999947e-01
2.800000000000000000e+01 9.000000000000000000e+00 1.064719999999999972e-01
2.800000000000000000e+01 1.100000000000000000e+01 1.016180000000000000e-01
2.800000000000000000e+01 1.300000000000000000e+01 9.676410000000000566e-02
2.800000000000000000e+01 1.500000000000000000e+01 9.018790000000000140e-02
2.800000000000000000e+01 1.700000000000000000e+01 8.455110000000000403e-02
2.800000000000000000e+01 1.900000000000000000e+01 7.703550000000000675e-02
2.800000000000000000e+01 2.100000000000000000e+01 6.889349999999999641e-02
2.800000000000000000e+01 2.300000000000000000e+01 6.216080000000000216e-02
2.800000000000000000e+01 2.500000000000000000e+01 5.354910000000000225e-02
2.800000000000000000e+01 2.700000000000000000e+01 4.070979999999999738e-02
2.800000000000000000e+01 2.900000000000000000e+01 4.211899999999999672e-02
2.800000000000000000e+01 3.100000000000000000e+01 5.073069999999999663e-02
2.800000000000000000e+01 3.300000000000000000e+01 6.263050000000000561e-02
2.800000000000000000e+01 3.500000000000000000e+01 6.764090000000000380e-02
2.800000000000000000e+01 3.700000000000000000e+01 7.327770000000000117e-02
2.800000000000000000e+01 3.900000000000000000e+01 7.249479999999999813e-02
2.800000000000000000e+01 4.100000000000000000e+01 7.640919999999999657e-02
3.000000000000000000e+01 1.000000000000000000e+00 1.161800000000000055e-01
3.000000000000000000e+01 3.000000000000000000e+00 1.161800000000000055e-01
3.000000000000000000e+01 5.000000000000000000e+00 1.152399999999999952e-01
3.000000000000000000e+01 7.000000000000000000e+00 1.155530000000000029e-01
3.000000000000000000e+01 9.000000000000000000e+00 1.124219999999999942e-01
3.000000000000000000e+01 1.100000000000000000e+01 1.086639999999999967e-01
3.000000000000000000e+01 1.300000000000000000e+01 1.036529999999999951e-01
3.000000000000000000e+01 1.500000000000000000e+01 9.832989999999999786e-02
3.000000000000000000e+01 1.700000000000000000e+01 9.191019999999999746e-02
3.000000000000000000e+01 1.900000000000000000e+01 8.439460000000000017e-02
3.000000000000000000e+01 2.100000000000000000e+01 7.625260000000000371e-02
3.000000000000000000e+01 2.300000000000000000e+01 7.045930000000000248e-02
3.000000000000000000e+01 2.500000000000000000e+01 6.310019999999999518e-02
3.000000000000000000e+01 2.700000000000000000e+01 5.730690000000000089e-02
3.000000000000000000e+01 2.900000000000000000e+01 4.290189999999999976e-02
3.000000000000000000e+01 3.100000000000000000e+01 4.227560000000000345e-02
3.000000000000000000e+01 3.300000000000000000e+01 5.699370000000000130e-02
3.000000000000000000e+01 3.500000000000000000e+01 6.278709999999999847e-02
3.000000000000000000e+01 3.700000000000000000e+01 6.920669999999999600e-02
3.000000000000000000e+01 3.900000000000000000e+01 6.951980000000000659e-02
3.000000000000000000e+01 4.100000000000000000e+01 7.296450000000000158e-02
3.200000000000000000e+01 1.000000000000000000e+00 1.177450000000000024e-01
3.200000000000000000e+01 3.000000000000000000e+00 1.180579999999999963e-01
3.200000000000000000e+01 5.000000000000000000e+00 1.164929999999999993e-01
3.200000000000000000e+01 7.000000000000000000e+00 1.168059999999999932e-01
3.200000000000000000e+01 9.000000000000000000e+00 1.157099999999999934e-01
3.200000000000000000e+01 1.100000000000000000e+01 1.119519999999999960e-01
3.200000000000000000e+01 1.300000000000000000e+01 1.077240000000000003e-01
3.200000000000000000e+01 1.500000000000000000e+01 1.033400000000000013e-01
3.200000000000000000e+01 1.700000000000000000e+01 1.011480000000000018e-01
3.200000000000000000e+01 1.900000000000000000e+01 9.034449999999999426e-02
3.200000000000000000e+01 2.100000000000000000e+01 8.345510000000000428e-02
3.200000000000000000e+01 2.300000000000000000e+01 7.719209999999999960e-02
3.200000000000000000e+01 2.500000000000000000e+01 7.280789999999999484e-02
3.200000000000000000e+01 2.700000000000000000e+01 6.482250000000000512e-02
3.200000000000000000e+01 2.900000000000000000e+01 5.996869999999999978e-02
3.200000000000000000e+01 3.100000000000000000e+01 4.133610000000000062e-02
3.200000000000000000e+01 3.300000000000000000e+01 4.352820000000000300e-02
3.200000000000000000e+01 3.500000000000000000e+01 6.090809999999999974e-02
3.200000000000000000e+01 3.700000000000000000e+01 6.200420000000000237e-02
3.200000000000000000e+01 3.900000000000000000e+01 6.216080000000000216e-02
3.200000000000000000e+01 4.100000000000000000e+01 6.497909999999999797e-02
3.400000000000000000e+01 1.000000000000000000e+00 1.146139999999999937e-01
3.400000000000000000e+01 3.000000000000000000e+00 1.146139999999999937e-01
3.400000000000000000e+01 5.000000000000000000e+00 1.146139999999999937e-01
3.400000000000000000e+01 7.000000000000000000e+00 1.164929999999999993e-01
3.400000000000000000e+01 9.000000000000000000e+00 1.141439999999999955e-01
3.400000000000000000e+01 1.100000000000000000e+01 1.103859999999999980e-01
3.400000000000000000e+01 1.300000000000000000e+01 1.069419999999999954e-01
3.400000000000000000e+01 1.500000000000000000e+01 1.028710000000000041e-01
3.400000000000000000e+01 1.700000000000000000e+01 9.801669999999999827e-02
3.400000000000000000e+01 1.900000000000000000e+01 9.081419999999999770e-02
3.400000000000000000e+01 2.100000000000000000e+01 8.282879999999999410e-02
3.400000000000000000e+01 2.300000000000000000e+01 7.828809999999999936e-02
3.400000000000000000e+01 2.500000000000000000e+01 7.233820000000000527e-02
3.400000000000000000e+01 2.700000000000000000e+01 6.623170000000000446e-02
3.400000000000000000e+01 2.900000000000000000e+01 5.934239999999999654e-02
3.400000000000000000e+01 3.100000000000000000e+01 5.010440000000000033e-02
3.400000000000000000e+01 3.300000000000000000e+01 4.149270000000000042e-02
3.400000000000000000e+01 3.500000000000000000e+01 3.977039999999999742e-02
3.400000000000000000e+01 3.700000000000000000e+01 5.417539999999999856e-02
3.400000000000000000e+01 3.900000000000000000e+01 5.307930000000000287e-02
3.400000000000000000e+01 4.100000000000000000e+01 5.699370000000000130e-02
3.600000000000000000e+01 1.000000000000000000e+00 1.161800000000000055e-01
3.600000000000000000e+01 3.000000000000000000e+00 1.169619999999999965e-01
3.600000000000000000e+01 5.000000000000000000e+00 1.158659999999999968e-01
3.600000000000000000e+01 7.000000000000000000e+00 1.182150000000000006e-01
3.600000000000000000e+01 9.000000000000000000e+00 1.168059999999999932e-01
3.600000000000000000e+01 1.100000000000000000e+01 1.136739999999999973e-01
3.600000000000000000e+01 1.300000000000000000e+01 1.110130000000000006e-01
3.600000000000000000e+01 1.500000000000000000e+01 1.078810000000000047e-01
3.600000000000000000e+01 1.700000000000000000e+01 1.044360000000000011e-01
3.600000000000000000e+01 1.900000000000000000e+01 9.660749999999999893e-02
3.600000000000000000e+01 2.100000000000000000e+01 8.909190000000000165e-02
3.600000000000000000e+01 2.300000000000000000e+01 8.533399999999999319e-02
3.600000000000000000e+01 2.500000000000000000e+01 8.141959999999999475e-02
3.600000000000000000e+01 2.700000000000000000e+01 7.437370000000000092e-02
3.600000000000000000e+01 2.900000000000000000e+01 6.717120000000000035e-02
3.600000000000000000e+01 3.100000000000000000e+01 5.887270000000000003e-02
3.600000000000000000e+01 3.300000000000000000e+01 5.777659999999999740e-02
3.600000000000000000e+01 3.500000000000000000e+01 3.930059999999999804e-02
3.600000000000000000e+01 3.700000000000000000e+01 3.867430000000000173e-02
3.600000000000000000e+01 3.900000000000000000e+01 4.979120000000000074e-02
3.600000000000000000e+01 4.100000000000000000e+01 5.386219999999999897e-02
3.800000000000000000e+01 1.000000000000000000e+00 1.182150000000000006e-01
3.800000000000000000e+01 3.000000000000000000e+00 1.182150000000000006e-01
3.800000000000000000e+01 5.000000000000000000e+00 1.171190000000000009e-01
3.800000000000000000e+01 7.000000000000000000e+00 1.196239999999999942e-01
3.800000000000000000e+01 9.000000000000000000e+00 1.185279999999999945e-01
3.800000000000000000e+01 1.100000000000000000e+01 1.155530000000000029e-01
3.800000000000000000e+01 1.300000000000000000e+01 1.128910000000000052e-01
3.800000000000000000e+01 1.500000000000000000e+01 1.100730000000000042e-01
3.800000000000000000e+01 1.700000000000000000e+01 1.074110000000000065e-01
3.800000000000000000e+01 1.900000000000000000e+01 1.022440000000000015e-01
3.800000000000000000e+01 2.100000000000000000e+01 9.504179999999999573e-02
3.800000000000000000e+01 2.300000000000000000e+01 8.956160000000000510e-02
3.800000000000000000e+01 2.500000000000000000e+01 8.580379999999999951e-02
3.800000000000000000e+01 2.700000000000000000e+01 8.001039999999999541e-02
3.800000000000000000e+01 2.900000000000000000e+01 7.343420000000000503e-02
3.800000000000000000e+01 3.100000000000000000e+01 6.419619999999999493e-02
3.800000000000000000e+01 3.300000000000000000e+01 5.981209999999999999e-02
3.800000000000000000e+01 3.500000000000000000e+01 5.448850000000000221e-02
3.800000000000000000e+01 3.700000000000000000e+01 3.836119999999999808e-02
3.800000000000000000e+01 3.900000000000000000e+01 3.444679999999999964e-02
3.800000000000000000e+01 4.100000000000000000e+01 4.525049999999999906e-02
4.000000000000000000e+01 1.000000000000000000e+00 1.169619999999999965e-01
4.000000000000000000e+01 3.000000000000000000e+00 1.163359999999999950e-01
4.000000000000000000e+01 5.000000000000000000e+00 1.161800000000000055e-01
4.000000000000000000e+01 7.000000000000000000e+00 1.163359999999999950e-01
4.000000000000000000e+01 9.000000000000000000e+00 1.150840000000000057e-01
4.000000000000000000e+01 1.100000000000000000e+01 1.125779999999999975e-01
4.000000000000000000e+01 1.300000000000000000e+01 1.114819999999999978e-01
4.000000000000000000e+01 1.500000000000000000e+01 1.077240000000000003e-01
4.000000000000000000e+01 1.700000000000000000e+01 1.050630000000000036e-01
4.000000000000000000e+01 1.900000000000000000e+01 9.786010000000000542e-02
4.000000000000000000e+01 2.100000000000000000e+01 9.269310000000000049e-02
4.000000000000000000e+01 2.300000000000000000e+01 8.862209999999999532e-02
4.000000000000000000e+01 2.500000000000000000e+01 8.455110000000000403e-02
4.000000000000000000e+01 2.700000000000000000e+01 7.954070000000000584e-02
4.000000000000000000e+01 2.900000000000000000e+01 7.359079999999999788e-02
4.000000000000000000e+01 3.100000000000000000e+01 6.701459999999999362e-02
4.000000000000000000e+01 3.300000000000000000e+01 6.247389999999999888e-02
4.000000000000000000e+01 3.500000000000000000e+01 5.699370000000000130e-02
4.000000000000000000e+01 3.700000000000000000e+01 4.900840000000000057e-02
4.000000000000000000e+01 3.900000000000000000e+01 3.115870000000000098e-02
4.000000000000000000e+01 4.100000000000000000e+01 3.115870000000000098e-02
