3.370429999999999954e-02
3.370429999999999954e-02
4.801269999999999843e-02
5.230529999999999902e-02
6.017490000000000339e-02
6.589830000000000687e-02
7.448330000000000228e-02
7.806040000000000201e-02
8.378380000000000549e-02
8.664550000000000030e-02
9.523049999999999571e-02
1.023850000000000038e-01
1.038160000000000055e-01
1.066769999999999941e-01
1.095389999999999975e-01
1.116850000000000065e-01
1.145469999999999960e-01
1.116850000000000065e-01
1.131159999999999943e-01
1.095389999999999975e-01
1.116850000000000065e-01
2.869630000000000097e-02
3.656600000000000128e-02
3.585060000000000330e-02
5.230529999999999902e-02
6.017490000000000339e-02
6.589830000000000687e-02
7.448330000000000228e-02
7.877580000000000693e-02
8.449919999999999654e-02
8.807629999999999626e-02
9.666139999999999455e-02
1.030999999999999972e-01
1.066769999999999941e-01
1.102540000000000048e-01
1.124010000000000009e-01
1.145469999999999960e-01
1.181240000000000068e-01
1.152620000000000033e-01
1.166930000000000051e-01
1.138310000000000016e-01
1.145469999999999960e-01
5.874399999999999761e-02
5.230529999999999902e-02
4.014310000000000100e-02
3.585060000000000330e-02
5.588239999999999874e-02
5.945949999999999847e-02
6.732910000000000283e-02
7.376789999999999736e-02
8.020670000000000577e-02
8.449919999999999654e-02
9.165339999999999598e-02
9.666139999999999455e-02
1.030999999999999972e-01
1.095389999999999975e-01
1.124010000000000009e-01
1.152620000000000033e-01
1.188390000000000002e-01
1.152620000000000033e-01
1.174089999999999995e-01
1.131159999999999943e-01
1.138310000000000016e-01
4.085849999999999899e-02
3.441969999999999752e-02
2.869630000000000097e-02
2.154210000000000153e-02
1.796499999999999833e-02
3.155800000000000272e-02
4.014310000000000100e-02
4.658190000000000247e-02
5.015900000000000220e-02
5.659779999999999672e-02
6.232109999999999733e-02
7.162159999999999360e-02
7.877580000000000693e-02
8.092209999999999681e-02
8.736090000000000522e-02
9.236880000000000090e-02
9.737679999999999947e-02
9.809220000000000439e-02
9.809220000000000439e-02
9.880759999999999543e-02
1.002379999999999938e-01
6.875989999999999880e-02
6.589830000000000687e-02
6.160569999999999935e-02
5.588239999999999874e-02
3.871220000000000216e-02
3.871220000000000216e-02
5.516689999999999788e-02
6.303659999999999819e-02
6.875989999999999880e-02
7.376789999999999736e-02
8.163750000000000173e-02
8.879170000000000118e-02
9.379969999999999974e-02
9.880759999999999543e-02
1.052460000000000062e-01
1.088240000000000041e-01
1.131159999999999943e-01
1.138310000000000016e-01
1.131159999999999943e-01
1.102540000000000048e-01
1.116850000000000065e-01
7.376789999999999736e-02
7.162159999999999360e-02
6.661369999999999791e-02
6.160569999999999935e-02
5.373610000000000192e-02
4.228939999999999783e-02
3.799679999999999724e-02
5.874399999999999761e-02
6.661369999999999791e-02
7.162159999999999360e-02
7.591420000000000112e-02
8.163750000000000173e-02
8.879170000000000118e-02
9.523049999999999571e-02
1.009540000000000021e-01
1.052460000000000062e-01
1.102540000000000048e-01
1.109699999999999992e-01
1.131159999999999943e-01
1.109699999999999992e-01
1.124010000000000009e-01
5.802859999999999963e-02
5.445149999999999990e-02
5.015900000000000220e-02
4.729730000000000045e-02
3.871220000000000216e-02
3.227349999999999663e-02
1.939590000000000064e-02
2.225759999999999891e-02
3.298890000000000156e-02
3.871220000000000216e-02
4.658190000000000247e-02
5.588239999999999874e-02
6.017490000000000339e-02
6.732910000000000283e-02
7.519869999999999333e-02
7.949130000000000085e-02
8.378380000000000549e-02
8.664550000000000030e-02
8.950719999999999510e-02
8.736090000000000522e-02
8.807629999999999626e-02
6.375200000000000311e-02
6.160569999999999935e-02
5.659779999999999672e-02
5.087440000000000018e-02
4.586649999999999755e-02
4.085849999999999899e-02
3.155800000000000272e-02
3.585060000000000330e-02
3.942770000000000302e-02
3.084260000000000126e-02
3.799679999999999724e-02
4.944359999999999727e-02
5.588239999999999874e-02
6.017490000000000339e-02
6.875989999999999880e-02
7.591420000000000112e-02
7.734499999999999709e-02
8.306840000000000057e-02
8.378380000000000549e-02
8.378380000000000549e-02
8.521460000000000146e-02
8.950719999999999510e-02
8.521460000000000146e-02
8.235299999999999565e-02
7.877580000000000693e-02
7.019079999999999764e-02
6.446739999999999415e-02
5.731320000000000164e-02
5.302069999999999700e-02
3.728139999999999926e-02
3.513510000000000244e-02
5.087440000000000018e-02
6.160569999999999935e-02
7.019079999999999764e-02
7.376789999999999736e-02
8.235299999999999565e-02
8.664550000000000030e-02
9.523049999999999571e-02
9.666139999999999455e-02
9.666139999999999455e-02
9.594600000000000350e-02
9.809220000000000439e-02
9.737679999999999947e-02
9.379969999999999974e-02
9.022260000000000002e-02
8.521460000000000146e-02
8.092209999999999681e-02
7.305250000000000632e-02
6.732910000000000283e-02
6.303659999999999819e-02
5.588239999999999874e-02
3.513510000000000244e-02
3.513510000000000244e-02
5.158979999999999816e-02
6.303659999999999819e-02
6.661369999999999791e-02
7.448330000000000228e-02
7.949130000000000085e-02
8.736090000000000522e-02
8.950719999999999510e-02
9.308429999999999482e-02
8.950719999999999510e-02
9.379969999999999974e-02
1.045309999999999989e-01
1.023850000000000038e-01
9.952310000000000323e-02
9.594600000000000350e-02
8.950719999999999510e-02
8.378380000000000549e-02
7.877580000000000693e-02
7.233699999999999852e-02
6.732910000000000283e-02
5.158979999999999816e-02
3.585060000000000330e-02
3.799679999999999724e-02
5.158979999999999816e-02
6.017490000000000339e-02
6.732910000000000283e-02
7.448330000000000228e-02
7.949130000000000085e-02
8.306840000000000057e-02
8.664550000000000030e-02
8.593000000000000638e-02
9.022260000000000002e-02
1.095389999999999975e-01
1.081079999999999958e-01
1.045309999999999989e-01
1.009540000000000021e-01
9.809220000000000439e-02
9.022260000000000002e-02
8.736090000000000522e-02
8.092209999999999681e-02
7.734499999999999709e-02
6.446739999999999415e-02
5.516689999999999788e-02
4.085849999999999899e-02
4.085849999999999899e-02
6.089030000000000137e-02
6.732910000000000283e-02
6.947540000000000660e-02
7.662960000000000604e-02
7.949130000000000085e-02
8.378380000000000549e-02
8.378380000000000549e-02
8.593000000000000638e-02
1.131159999999999943e-01
1.102540000000000048e-01
1.059620000000000006e-01
1.088240000000000041e-01
1.016689999999999955e-01
1.002379999999999938e-01
9.523049999999999571e-02
9.165339999999999598e-02
8.378380000000000549e-02
7.305250000000000632e-02
6.589830000000000687e-02
5.731320000000000164e-02
3.942770000000000302e-02
3.942770000000000302e-02
6.232109999999999733e-02
6.518279999999999907e-02
7.376789999999999736e-02
7.734499999999999709e-02
7.877580000000000693e-02
8.235299999999999565e-02
8.235299999999999565e-02
1.124010000000000009e-01
1.116850000000000065e-01
1.116850000000000065e-01
1.102540000000000048e-01
1.059620000000000006e-01
1.023850000000000038e-01
9.809220000000000439e-02
8.807629999999999626e-02
8.306840000000000057e-02
7.734499999999999709e-02
6.804449999999999388e-02
6.375200000000000311e-02
5.731320000000000164e-02
4.228939999999999783e-02
4.228939999999999783e-02
4.228939999999999783e-02
4.157389999999999697e-02
4.586649999999999755e-02
5.015900000000000220e-02
5.302069999999999700e-02
5.588239999999999874e-02
1.159779999999999978e-01
1.166930000000000051e-01
1.109699999999999992e-01
1.152620000000000033e-01
1.109699999999999992e-01
1.088240000000000041e-01
1.045309999999999989e-01
9.737679999999999947e-02
9.236880000000000090e-02
8.378380000000000549e-02
7.806040000000000201e-02
6.947540000000000660e-02
6.661369999999999791e-02
5.588239999999999874e-02
4.443559999999999871e-02
4.157389999999999697e-02
5.945949999999999847e-02
6.375200000000000311e-02
6.875989999999999880e-02
7.019079999999999764e-02
7.233699999999999852e-02
1.195549999999999946e-01
1.181240000000000068e-01
1.159779999999999978e-01
1.174089999999999995e-01
1.145469999999999960e-01
1.124010000000000009e-01
1.073930000000000023e-01
1.016689999999999955e-01
9.880759999999999543e-02
9.022260000000000002e-02
8.306840000000000057e-02
7.519869999999999333e-02
7.305250000000000632e-02
6.375200000000000311e-02
5.945949999999999847e-02
6.303659999999999819e-02
6.804449999999999388e-02
6.160569999999999935e-02
6.375200000000000311e-02
6.732910000000000283e-02
7.090620000000000256e-02
1.152620000000000033e-01
1.159779999999999978e-01
1.138310000000000016e-01
1.174089999999999995e-01
1.116850000000000065e-01
1.088240000000000041e-01
1.059620000000000006e-01
1.030999999999999972e-01
9.737679999999999947e-02
8.950719999999999510e-02
8.235299999999999565e-02
7.806040000000000201e-02
7.162159999999999360e-02
6.589830000000000687e-02
5.945949999999999847e-02
5.015900000000000220e-02
4.014310000000000100e-02
3.942770000000000302e-02
3.155800000000000272e-02
3.656600000000000128e-02
3.585060000000000330e-02
1.174089999999999995e-01
1.166930000000000051e-01
1.145469999999999960e-01
1.181240000000000068e-01
1.159779999999999978e-01
1.102540000000000048e-01
1.116850000000000065e-01
1.059620000000000006e-01
1.038160000000000055e-01
9.523049999999999571e-02
8.879170000000000118e-02
8.378380000000000549e-02
7.877580000000000693e-02
7.162159999999999360e-02
6.732910000000000283e-02
5.945949999999999847e-02
5.731320000000000164e-02
6.089030000000000137e-02
5.945949999999999847e-02
7.662960000000000604e-02
8.235299999999999565e-02
1.181240000000000068e-01
1.188390000000000002e-01
1.174089999999999995e-01
1.195549999999999946e-01
1.181240000000000068e-01
1.159779999999999978e-01
1.131159999999999943e-01
1.088240000000000041e-01
1.073930000000000023e-01
1.002379999999999938e-01
9.165339999999999598e-02
8.807629999999999626e-02
8.521460000000000146e-02
8.020670000000000577e-02
7.233699999999999852e-02
6.375200000000000311e-02
6.732910000000000283e-02
5.659779999999999672e-02
4.014310000000000100e-02
3.585060000000000330e-02
4.515099999999999669e-02
1.166930000000000051e-01
1.159779999999999978e-01
1.166930000000000051e-01
1.152620000000000033e-01
1.152620000000000033e-01
1.124010000000000009e-01
1.102540000000000048e-01
1.073930000000000023e-01
1.052460000000000062e-01
9.880759999999999543e-02
9.236880000000000090e-02
8.736090000000000522e-02
8.378380000000000549e-02
7.806040000000000201e-02
7.233699999999999852e-02
6.518279999999999907e-02
6.303659999999999819e-02
5.731320000000000164e-02
4.872810000000000336e-02
3.012719999999999981e-02
3.155800000000000272e-02
