     2.000    -1.000     0.000         0
     0.000    32.255     1.500         1
     2.000     1.000     0.000         0
     4.000    33.038     1.500         1
     8.000    47.756     1.500         1
    12.000    54.019     1.500         2
    16.000    59.342     1.500         2
    20.000    66.388     1.500         2
    24.000    73.747     1.500         2
    28.000    77.036     1.500         2
    32.000    83.455     1.500         2
    36.000    87.683     1.500         2
    40.000    95.198     1.500         2
    44.000   100.365     1.500         2
    48.000   104.749     1.500         2
    52.000   106.942     1.500         3
    56.000   109.916     1.500         3
    60.000   111.326     1.500         3
    64.000   114.457     1.500         3
    68.000   111.795     1.500         3
    72.000   112.578     1.500         3
    76.000   110.230     1.500         3
    80.000   111.169     1.500         3
     6.000    -1.000     0.000         0
     0.000    44.311     1.500         1
     4.000    37.109     1.500         1
     6.000     1.000     0.000         0
     8.000    35.386     1.500         1
    12.000    54.958     1.500         1
    16.000    59.656     1.500         2
    20.000    64.666     1.500         2
    24.000    72.025     1.500         2
    28.000    76.722     1.500         2
    32.000    83.768     1.500         2
    36.000    87.683     1.500         2
    40.000    94.885     1.500         2
    44.000   102.244     1.500         2
    48.000   106.472     1.500         2
    52.000   110.073     1.500         3
    56.000   112.265     1.500         3
    60.000   113.831     1.500         3
    64.000   117.276     1.500         3
    68.000   116.493     1.500         3
    72.000   117.589     1.500         3
    76.000   113.831     1.500         3
    80.000   115.084     1.500         3
    10.000    -1.000     0.000         0
     0.000    52.297     1.500         1
     4.000    47.912     1.500         1
     8.000    39.770     1.500         1
    10.000     1.000     0.000         0
    12.000    36.326     1.500         1
    16.000    53.862     1.500         1
    20.000    58.090     1.500         2
    24.000    66.232     1.500         2
    28.000    72.182     1.500         2
    32.000    79.541     1.500         2
    36.000    83.768     1.500         2
    40.000    91.284     1.500         2
    44.000    99.113     1.500         2
    48.000   104.749     1.500         2
    52.000   107.724     1.500         2
    56.000   112.578     1.500         3
    60.000   115.397     1.500         3
    64.000   118.528     1.500         3
    68.000   115.397     1.500         3
    72.000   117.589     1.500         3
    76.000   113.361     1.500         3
    80.000   113.518     1.500         3
    14.000    -1.000     0.000         0
     0.000    60.125     1.500         1
     4.000    57.933     1.500         1
     8.000    46.190     1.500         1
    12.000    38.361     1.500         1
    14.000     1.000     0.000         0
    16.000    36.169     1.500         1
    20.000    49.165     1.500         1
    24.000    57.464     1.500         2
    28.000    63.883     1.500         2
    32.000    72.495     1.500         2
    36.000    77.192     1.500         2
    40.000    84.551     1.500         2
    44.000    93.633     1.500         2
    48.000    98.643     1.500         2
    52.000   102.871     1.500         2
    56.000   108.038     1.500         3
    60.000   110.856     1.500         3
    64.000   114.614     1.500         3
    68.000   114.301     1.500         3
    72.000   114.927     1.500         3
    76.000   111.795     1.500         3
    80.000   112.578     1.500         3
    18.000    -1.000     0.000         0
     0.000    68.894     1.500         1
     4.000    66.858     1.500         1
     8.000    64.040     1.500         1
    12.000    56.994     1.500         1
    16.000    38.048     1.500         1
    18.000     1.000     0.000         0
    20.000    37.735     1.500         1
    24.000    54.645     1.500         1
    28.000    65.762     1.500         2
    32.000    69.676     1.500         2
    36.000    72.808     1.500         2
    40.000    80.167     1.500         2
    44.000    89.248     1.500         2
    48.000    95.668     1.500         2
    52.000   100.052     1.500         2
    56.000   105.532     1.500         2
    60.000   108.977     1.500         2
    64.000   114.614     1.500         3
    68.000   113.518     1.500         3
    72.000   114.614     1.500         3
    76.000   112.109     1.500         3
    80.000   112.265     1.500         3
    22.000    -1.000     0.000         0
     0.000    75.626     1.500         1
     4.000    72.025     1.500         1
     8.000    66.858     1.500         1
    12.000    61.221     1.500         1
    16.000    52.923     1.500         1
    20.000    42.276     1.500         1
    22.000     1.000     0.000         0
    24.000    38.674     1.500         1
    28.000    59.969     1.500         1
    32.000    61.691     1.500         2
    36.000    67.171     1.500         2
    40.000    74.843     1.500         2
    44.000    82.829     1.500         2
    48.000    89.875     1.500         2
    52.000    96.138     1.500         2
    56.000   102.088     1.500         2
    60.000   105.376     1.500         2
    64.000   110.856     1.500         3
    68.000   110.543     1.500         3
    72.000   111.795     1.500         3
    76.000   109.760     1.500         3
    80.000   111.639     1.500         3
    26.000    -1.000     0.000         0
     0.000    79.854     1.500         1
     4.000    78.601     1.500         1
     8.000    72.182     1.500         1
    12.000    66.858     1.500         1
    16.000    59.029     1.500         1
    20.000    54.645     1.500         1
    24.000    35.543     1.500         1
    26.000     1.000     0.000         0
    28.000    36.952     1.500         1
    32.000    55.585     1.500         1
    36.000    59.969     1.500         2
    40.000    68.580     1.500         2
    44.000    78.132     1.500         2
    48.000    84.395     1.500         2
    52.000    89.248     1.500         2
    56.000    94.885     1.500         2
    60.000    99.269     1.500         2
    64.000   106.002     1.500         2
    68.000   106.315     1.500         3
    72.000   108.038     1.500         3
    76.000   106.002     1.500         3
    80.000   107.411     1.500         3
    30.000    -1.000     0.000         0
     0.000    86.587     1.500         1
     4.000    85.804     1.500         1
     8.000    81.733     1.500         1
    12.000    79.384     1.500         2
    16.000    73.591     1.500         2
    20.000    66.701     1.500         2
    24.000    58.716     1.500         1
    28.000    36.795     1.500         1
    30.000     1.000     0.000         0
    32.000    38.518     1.500         1
    36.000    57.464     1.500         1
    40.000    64.353     1.500         2
    44.000    74.687     1.500         2
    48.000    82.829     1.500         2
    52.000    88.935     1.500         2
    56.000    92.067     1.500         2
    60.000    95.668     1.500         2
    64.000   103.810     1.500         2
    68.000   103.340     1.500         3
    72.000   106.159     1.500         3
    76.000   102.871     1.500         3
    80.000   104.906     1.500         3
    34.000    -1.000     0.000         0
     0.000    87.370     1.500         3
     4.000    85.491     1.500         3
     8.000    82.829     1.500         3
    12.000    78.601     1.500         2
    16.000    71.868     1.500         2
    20.000    65.449     1.500         2
    24.000    58.559     1.500         2
    28.000    50.261     1.500         1
    32.000    38.518     1.500         1
    34.000     1.000     0.000         0
    36.000    35.543     1.500         1
    40.000    50.731     1.500         1
    44.000    63.257     1.500         1
    48.000    69.363     1.500         2
    52.000    73.747     1.500         2
    56.000    81.106     1.500         2
    60.000    85.960     1.500         2
    64.000    92.693     1.500         2
    68.000    94.415     1.500         1
    72.000    98.017     1.500         1
    76.000    95.511     1.500         1
    80.000    98.330     1.500         1
    38.000    -1.000     0.000         0
     0.000    96.921     1.500         1
     4.000    94.572     1.500         1
     8.000    89.875     1.500         1
    12.000    86.430     1.500         2
    16.000    80.480     1.500         2
    20.000    74.061     1.500         2
    24.000    66.545     1.500         2
    28.000    58.090     1.500         2
    32.000    53.393     1.500         1
    36.000    34.447     1.500         1
    38.000     1.000     0.000         0
    40.000    35.230     1.500         1
    44.000    50.261     1.500         1
    48.000    59.812     1.500         2
    52.000    65.449     1.500         2
    56.000    74.374     1.500         2
    60.000    79.854     1.500         2
    64.000    86.587     1.500         2
    68.000    88.622     1.500         3
    72.000    92.223     1.500         3
    76.000    90.188     1.500         3
    80.000    93.633     1.500         3
    42.000    -1.000     0.000         0
     0.000   104.280     1.500         3
     4.000   103.027     1.500         3
     8.000    99.896     1.500         3
    12.000    97.077     1.500         3
    16.000    90.814     1.500         2
    20.000    84.081     1.500         2
    24.000    78.758     1.500         2
    28.000    72.651     1.500         2
    32.000    66.701     1.500         2
    36.000    52.766     1.500         1
    40.000    35.856     1.500         1
    42.000     1.000     0.000         0
    44.000    37.578     1.500         1
    48.000    51.827     1.500         1
    52.000    57.933     1.500         2
    56.000    66.545     1.500         2
    60.000    72.808     1.500         2
    64.000    81.106     1.500         2
    68.000    83.455     1.500         1
    72.000    86.743     1.500         1
    76.000    85.334     1.500         1
    80.000    89.092     1.500         1
    46.000    -1.000     0.000         0
     0.000   108.820     1.500         1
     4.000   107.411     1.500         1
     8.000   105.219     1.500         1
    12.000   101.618     1.500         1
    16.000    97.547     1.500         2
    20.000    90.344     1.500         2
    24.000    83.455     1.500         2
    28.000    75.470     1.500         2
    32.000    72.338     1.500         2
    36.000    62.631     1.500         2
    40.000    55.271     1.500         1
    44.000    41.336     1.500         1
    46.000     1.000     0.000         0
    48.000    40.553     1.500         1
    52.000    51.200     1.500         1
    56.000    61.221     1.500         2
    60.000    67.641     1.500         2
    64.000    75.783     1.500         2
    68.000    79.228     1.500         3
    72.000    83.768     1.500         3
    76.000    82.046     1.500         3
    80.000    85.647     1.500         3
    50.000    -1.000     0.000         0
     0.000   109.603     1.500         3
     4.000   106.942     1.500         3
     8.000   103.653     1.500         3
    12.000   101.618     1.500         3
    16.000    98.956     1.500         3
    20.000    94.415     1.500         2
    24.000    88.935     1.500         2
    28.000    80.480     1.500         2
    32.000    73.434     1.500         2
    36.000    67.328     1.500         2
    40.000    62.161     1.500         2
    44.000    55.271     1.500         1
    48.000    38.831     1.500         1
    50.000     1.000     0.000         0
    52.000    38.205     1.500         1
    56.000    59.656     1.500         1
    60.000    59.656     1.500         1
    64.000    68.111     1.500         1
    68.000    71.086     1.500         1
    72.000    76.409     1.500         1
    76.000    74.687     1.500         1
    80.000    80.324     1.500         1
    54.000    -1.000     0.000         0
     0.000   112.578     1.500         3
     4.000   112.422     1.500         3
     8.000   110.699     1.500         3
    12.000   110.230     1.500         3
    16.000   106.472     1.500         2
    20.000   101.618     1.500         2
    24.000    96.764     1.500         2
    28.000    90.188     1.500         2
    32.000    84.551     1.500         2
    36.000    77.036     1.500         2
    40.000    68.894     1.500         2
    44.000    62.161     1.500         2
    48.000    53.549     1.500         1
    52.000    40.710     1.500         1
    54.000     1.000     0.000         0
    56.000    42.119     1.500         1
    60.000    50.731     1.500         1
    64.000    62.631     1.500         1
    68.000    67.641     1.500         1
    72.000    73.278     1.500         1
    76.000    72.495     1.500         1
    80.000    76.409     1.500         1
    58.000    -1.000     0.000         0
     0.000   116.180     1.500         3
     4.000   116.180     1.500         3
     8.000   115.240     1.500         3
    12.000   115.553     1.500         3
    16.000   112.422     1.500         3
    20.000   108.664     1.500         2
    24.000   103.653     1.500         2
    28.000    98.330     1.500         2
    32.000    91.910     1.500         2
    36.000    84.395     1.500         2
    40.000    76.253     1.500         2
    44.000    70.459     1.500         2
    48.000    63.100     1.500         2
    52.000    57.307     1.500         1
    56.000    42.902     1.500         1
    58.000     1.000     0.000         0
    60.000    42.276     1.500         1
    64.000    56.994     1.500         1
    68.000    62.787     1.500         1
    72.000    69.207     1.500         1
    76.000    69.520     1.500         1
    80.000    72.965     1.500         1
    62.000    -1.000     0.000         0
     0.000   117.745     1.500         3
     4.000   118.058     1.500         3
     8.000   116.493     1.500         3
    12.000   116.806     1.500         3
    16.000   115.710     1.500         3
    20.000   111.952     1.500         3
    24.000   107.724     1.500         2
    28.000   103.340     1.500         2
    32.000   101.148     1.500         2
    36.000    90.344     1.500         2
    40.000    83.455     1.500         2
    44.000    77.192     1.500         2
    48.000    72.808     1.500         2
    52.000    64.823     1.500         2
    56.000    59.969     1.500         1
    60.000    41.336     1.500         1
    62.000     1.000     0.000         0
    64.000    43.528     1.500         1
    68.000    60.908     1.500         1
    72.000    62.004     1.500         1
    76.000    62.161     1.500         1
    80.000    64.979     1.500         1
    66.000    -1.000     0.000         0
     0.000   114.614     1.500         3
     4.000   114.614     1.500         3
     8.000   114.614     1.500         3
    12.000   116.493     1.500         3
    16.000   114.144     1.500         3
    20.000   110.386     1.500         2
    24.000   106.942     1.500         2
    28.000   102.871     1.500         2
    32.000    98.017     1.500         2
    36.000    90.814     1.500         2
    40.000    82.829     1.500         2
    44.000    78.288     1.500         2
    48.000    72.338     1.500         2
    52.000    66.232     1.500         2
    56.000    59.342     1.500         2
    60.000    50.104     1.500         1
    64.000    41.493     1.500         1
    66.000     1.000     0.000         0
    68.000    39.770     1.500         1
    72.000    54.175     1.500         1
    76.000    53.079     1.500         1
    80.000    56.994     1.500         1
    70.000    -1.000     0.000         0
     0.000   116.180     1.500         3
     4.000   116.962     1.500         3
     8.000   115.866     1.500         3
    12.000   118.215     1.500         3
    16.000   116.806     1.500         3
    20.000   113.674     1.500         3
    24.000   111.013     1.500         2
    28.000   107.881     1.500         2
    32.000   104.436     1.500         2
    36.000    96.608     1.500         2
    40.000    89.092     1.500         2
    44.000    85.334     1.500         2
    48.000    81.420     1.500         2
    52.000    74.374     1.500         2
    56.000    67.171     1.500         2
    60.000    58.873     1.500         2
    64.000    57.777     1.500         1
    68.000    39.301     1.500         1
    70.000     1.000     0.000         0
    72.000    38.674     1.500         1
    76.000    49.791     1.500         1
    80.000    53.862     1.500         1
    74.000    -1.000     0.000         0
     0.000   118.215     1.500         3
     4.000   118.215     1.500         3
     8.000   117.119     1.500         3
    12.000   119.624     1.500         3
    16.000   118.528     1.500         3
    20.000   115.553     1.500         3
    24.000   112.891     1.500         3
    28.000   110.073     1.500         3
    32.000   107.411     1.500         2
    36.000   102.244     1.500         2
    40.000    95.042     1.500         2
    44.000    89.562     1.500         2
    48.000    85.804     1.500         2
    52.000    80.010     1.500         2
    56.000    73.434     1.500         2
    60.000    64.196     1.500         2
    64.000    59.812     1.500         2
    68.000    54.489     1.500         1
    72.000    38.361     1.500         1
    74.000     1.000     0.000         0
    76.000    34.447     1.500         1
    80.000    45.251     1.500         1
    78.000    -1.000     0.000         0
     0.000   116.962     1.500         3
     4.000   116.336     1.500         3
     8.000   116.180     1.500         3
    12.000   116.336     1.500         3
    16.000   115.084     1.500         3
    20.000   112.578     1.500         3
    24.000   111.482     1.500         3
    28.000   107.724     1.500         3
    32.000   105.063     1.500         2
    36.000    97.860     1.500         2
    40.000    92.693     1.500         2
    44.000    88.622     1.500         2
    48.000    84.551     1.500         2
    52.000    79.541     1.500         2
    56.000    73.591     1.500         2
    60.000    67.015     1.500         2
    64.000    62.474     1.500         2
    68.000    56.994     1.500         2
    72.000    49.008     1.500         1
    76.000    31.159     1.500         1
    78.000     1.000     0.000         0
    80.000    31.159     1.500         1
     0.000     0.000     0.000        -1
