 1   -5.000   0.000   4.000   8.000  12.000  16.000  20.000  24.000  28.000  32.000
 1    6.204   6.204   6.144   6.176   6.097   5.859   5.583   5.060   4.755   4.383
         0      0      0      0      0      0      0      0      0      0
 1   36.000  40.000  44.000  48.000  52.000  56.000  60.000  64.000  68.000  72.000
 1    4.078   3.690   3.273   2.942   2.563   2.259   1.750   1.301   0.888   0.562
         0      0      0      0      0      0      0      0      0      0
 1   76.000  80.000  85.000
 0    0.221   0.000   0.000
         0      0      0
 1   -5.000   0.000   4.000   8.000  12.000  16.000  20.000  24.000  28.000  32.000
 1  61271.776 61271.776 58239.656 53940.292 53194.482 53249.586 51147.264 52354.250 54168.314 53618.292
         0      0      0      0      0      0      0      0      0      0
 1   36.000  40.000  44.000  48.000  52.000  56.000  60.000  64.000  68.000  72.000
 1  55756.339 55957.966 51675.667 50389.220 50116.955 47634.831 47064.420 48205.247 50273.411 53200.074
         0      0      0      0      0      0      0      0      0      0
 1   76.000  80.000  85.000
 0  59642.905 64187.530 64187.530
         0      0      0
 1   -5.000   0.000   4.000   8.000  12.000  16.000  20.000  24.000  28.000  32.000
 1  271774.160 271774.160 238073.852 216234.591 267943.667 272167.636 212193.169 201260.107 205739.828 255721.710
         0      0      0      0      0      0      0      0      0      0
 1   36.000  40.000  44.000  48.000  52.000  56.000  60.000  64.000  68.000  72.000
 1  276630.410 254332.377 300704.161 287332.364 277422.483 294612.362 246179.381 246179.381 247089.169 232261.808
         0      0      0      0      0      0      0      0      0      0
 1   76.000  80.000  85.000
 0  236059.970 224093.352 224093.352
         0      0      0
 2   -5.000   0.000   4.000   8.000  12.000  16.000  20.000  24.000  28.000  32.000
 1    8.193   8.193   8.240   8.308   7.964   7.728   7.723   7.217   6.873   6.605
         1      1      1      1      1      1      1      1      1      1
 2   36.000  40.000  44.000  48.000  52.000  56.000  60.000  64.000  68.000  72.000
 1    6.193   5.891   5.246   4.657   4.391   4.015   3.717   3.984   3.605   2.671
         1      1      1      1      1      1      1      1      1      1
 2   76.000  80.000  85.000
 0    2.340   2.202   2.202
         1      1      1
 2   -5.000   0.000   4.000   8.000  12.000  16.000  20.000  24.000  28.000  32.000
 1  698173.879 698173.879 690398.517 659442.096 610871.851 623761.835 650352.291 632404.205 613996.752 615092.902
         0      0      0      0      0      0      0      0      0      0
 2   36.000  40.000  44.000  48.000  52.000  56.000  60.000  64.000  68.000  72.000
 1  599699.252 589336.250 573343.866 573665.140 604911.284 601924.562 619944.557 661057.192 693606.541 687495.297
         0      0      0      0      0      0      0      0      0      0
 2   76.000  80.000  85.000
 0  709927.869 747572.725 747572.725
         0      0      0
 2   -5.000   0.000   4.000   8.000  12.000  16.000  20.000  24.000  28.000  32.000
 1  698173.979 698173.979 690398.617 659442.196 610871.951 623761.935 650352.391 632404.305 613996.852 615093.002
         0      0      0      0      0      0      0      0      0      0
 2   36.000  40.000  44.000  48.000  52.000  56.000  60.000  64.000  68.000  72.000
 1  599699.352 589336.350 573343.966 573665.240 604911.384 601924.662 619944.657 661057.292 693606.641 687495.397
         0      0      0      0      0      0      0      0      0      0
 2   76.000  80.000  85.000
 0  709927.969 747572.825 747572.825
         0      0      0
 3   -5.000   0.000   4.000   8.000  12.000  16.000  20.000  24.000  28.000  32.000
 1   28.193  28.193  28.240  28.308  27.964  27.728  27.723  27.217  26.873  26.605
         0      0      0      0      0      0      0      0      0      0
 3   36.000  40.000  44.000  48.000  52.000  56.000  60.000  64.000  68.000  72.000
 1   26.193  25.891  25.246  24.657  24.391  24.015  23.717  23.984  23.605  22.671
         0      0      0      0      0      0      0      0      0      0
 3   76.000  80.000  85.000
 0   22.340  22.202  22.202
         0      0      0
 3   -5.000   0.000   4.000   8.000  12.000  16.000  20.000  24.000  28.000  32.000
 1    3.200   3.200   3.200   3.200   3.200   3.200   3.200   3.200   3.200   3.200
         0      0      0      0      0      0      0      0      0      0
 3   36.000  40.000  44.000  48.000  52.000  56.000  60.000  64.000  68.000  72.000
 1    3.200   3.200   3.200   3.200   3.200   3.200   3.200   3.200   3.200   3.200
         0      0      0      0      0      0      0      0      0      0
 3   76.000  80.000  85.000
 0    3.200   3.200   3.200
         0      0      0
 3   -5.000   0.000   4.000   8.000  12.000  16.000  20.000  24.000  28.000  32.000
 1    4.000   4.000   4.000   4.000   4.000   4.000   4.000   4.000   4.000   4.000
         0      0      0      0      0      0      0      0      0      0
 3   36.000  40.000  44.000  48.000  52.000  56.000  60.000  64.000  68.000  72.000
 1    4.000   4.000   4.000   4.000   4.000   4.000   4.000   4.000   4.000   4.000
         0      0      0      0      0      0      0      0      0      0
 3   76.000  80.000  85.000
 0    4.000   4.000   4.000
         0      0      0
 4   -5.00  85.00
 0   40.00  40.00
