0.000000000000000000e+00 1.989094599239358718e+00 2.038211454889848184e+01
0.000000000000000000e+00 2.202863211427981582e+00 1.772568757981244048e+01
0.000000000000000000e+00 2.061544979873870531e+00 1.917357459426962407e+01
0.000000000000000000e+00 1.672667600043828973e+00 1.597213255094693096e+01
0.000000000000000000e+00 2.064382684109198784e+00 2.002735258920009542e+01
0.000000000000000000e+00 2.215644615434552822e+00 1.661105957221935370e+01
0.000000000000000000e+00 2.098634538567224705e+00 1.826901659402082956e+01
0.000000000000000000e+00 2.136461890239993444e+00 1.238296914213736244e+01
0.000000000000000000e+00 2.307084601552349401e+00 9.831367856200294852e+00
0.000000000000000000e+00 1.922303822800011108e+00 9.413837817540429143e+00
0.000000000000000000e+00 2.480716029799689970e+00 8.312607977307964191e+00
0.000000000000000000e+00 1.465494225549202278e+00 8.436485357235110172e+00
0.000000000000000000e+00 1.963960504221242687e+00 9.321071132559898942e+00
0.000000000000000000e+00 1.690741383207641002e+00 1.524614710452503452e+01
0.000000000000000000e+00 1.822060944915776526e+00 1.537123846990683340e+01
0.000000000000000000e+00 2.113311105160584624e+00 1.479394406439945442e+01
0.000000000000000000e+00 3.251199737741312656e+00 2.078186505313228594e+01
0.000000000000000000e+00 2.181862181379721655e+00 2.012758401003237552e+01
0.000000000000000000e+00 2.036894123448333538e+00 1.671089926633128542e+01
0.000000000000000000e+00 2.201975533042305866e+00 1.744316653815026186e+01
