0.000000000000000000e+00 2.567855000000000137e-02 4.000892045454544632e-02 9.967260833333331516e-02
0.000000000000000000e+00 2.560019999999999657e-02 4.514943909090909230e-02 9.939104444444445130e-02
0.000000000000000000e+00 2.755745000000000416e-02 4.393402272727272434e-02 1.062751666666666567e-01
0.000000000000000000e+00 2.967120000000000174e-02 4.019039833333333533e-02 9.598271428571428232e-02
0.000000000000000000e+00 2.927980000000000166e-02 4.800205909090908551e-02 1.089607476190476154e-01
0.000000000000000000e+00 2.802710000000000617e-02 4.777302472222222374e-02 9.995631904761903552e-02
0.000000000000000000e+00 2.763569999999999915e-02 4.664932583333333133e-02 1.038728499999999888e-01
0.000000000000000000e+00 2.743992500000000043e-02 4.965426124999999802e-02 8.518888749999997678e-02
0.000000000000000000e+00 3.085199166666666853e-02 4.447457571428571621e-02 7.366914499999999144e-02
0.000000000000000000e+00 2.634392500000000067e-02 4.157958333333333645e-02 6.997774249999999530e-02
0.000000000000000000e+00 2.954727083333333684e-02 4.604908249999999093e-02 7.141423750000000514e-02
0.000000000000000000e+00 3.479902499999999732e-02 4.277799660714286245e-02 7.191992249999998310e-02
0.000000000000000000e+00 3.061065000000000313e-02 4.498211250000000438e-02 7.340845476190474561e-02
0.000000000000000000e+00 3.429014999999999841e-02 4.578807111111110606e-02 9.391559999999998798e-02
0.000000000000000000e+00 3.569939999999999919e-02 4.725778666666668321e-02 9.739720476190474874e-02
0.000000000000000000e+00 3.201980000000000104e-02 5.002973361111110601e-02 9.570453571428570727e-02
0.000000000000000000e+00 3.256789999999999685e-02 4.590046818181817839e-02 1.058757666666666764e-01
0.000000000000000000e+00 3.006260000000000182e-02 4.790727499999997835e-02 1.045849107142857032e-01
0.000000000000000000e+00 3.029754999999999948e-02 4.550110909090908373e-02 9.591793611111110174e-02
0.000000000000000000e+00 2.223385000000000292e-02 4.316727499999999801e-02 9.071472777777778163e-02
