6.127177614640946501e+01 2.717742099863434078e+02 6.981738786177108977e+02 5.805936570142965138e+03
5.520753523374959570e+01 2.043735949315348535e+02 6.826231553014221163e+02 4.065591543569587429e+03
5.267304778172363200e+01 2.280956861403359142e+02 6.362610370804256945e+02 7.011978797111734821e+03
5.371591561794315339e+01 3.077917481032334877e+02 5.854826645901547408e+02 3.406533244114604713e+03
5.278325690387328706e+01 2.365436245579591059e+02 6.620410062180695832e+02 1.397066161061768071e+04
4.951127094713012866e+01 1.878428131339695142e+02 6.386635751801496781e+02 4.781584070494206571e+03
5.519722812596256745e+01 2.146775007245365714e+02 6.261448340833591146e+02 1.596806387225544313e+04
5.313940036320844484e+01 1.968022562245702147e+02 6.018486692789407471e+02 1.238652274993189349e+04
5.409718362073476783e+01 3.146412636841589574e+02 6.283371348319408298e+02 2.307322306227866648e+03
5.741549428671166311e+01 2.386196564014611567e+02 5.710613698835090872e+02 1.830276840750894280e+03
5.450043780251270675e+01 2.700451969287680640e+02 6.076111297230054333e+02 1.728713618154585902e+03
4.885089558201379134e+01 3.313632253245932588e+02 5.390766031947380270e+02 1.592781108190293480e+03
5.192754517392432945e+01 2.433016027493081594e+02 6.082536765404703374e+02 1.373492959376983208e+03
4.830636395995389876e+01 3.115434642075501301e+02 6.015688916694740556e+02 2.777006387114690369e+03
4.696329748013152994e+01 2.776813606386671154e+02 6.022802329619942157e+02 2.884159782451943556e+03
4.716554159728999451e+01 2.146775007245365714e+02 6.376088816791854015e+02 2.601142644804681368e+03
4.924495337448030341e+01 2.776813606386671154e+02 6.845055023352526860e+02 6.772773450728083844e+03
5.130186859313425884e+01 2.164970772894565982e+02 7.027075802184619988e+02 5.298765198467138362e+03
5.509827898305562144e+01 2.480266380609276666e+02 6.722830140362506199e+02 2.993675859746287642e+03
6.418753028849084785e+01 2.240934021300078030e+02 7.475727248091353658e+02 2.771810685330192882e+03
