002000  0.0337043  1
	0.0337043  2
	0.0480127  3
	0.0523053  4
	0.0601749  5
	0.0658983  6
	0.0744833  7
	0.0780604  8
	0.0837838  9
	0.0866455  10
	0.0952305  11
	0.102385  12
	0.103816  13
	0.106677  14
	0.109539  15
	0.111685  16
	0.114547  17
	0.111685  18
	0.113116  19
	0.109539  20
	0.111685  21

006000  0.0286963  1
	0.036566  2
	0.0358506  3
	0.0523053  4
	0.0601749  5
	0.0658983  6
	0.0744833  7
	0.0787758  8
	0.0844992  9
	0.0880763  10
	0.0966614  11
	0.1031  12
	0.106677  13
	0.110254  14
	0.112401  15
	0.114547  16
	0.118124  17
	0.115262  18
	0.116693  19
	0.113831  20
	0.114547  21

010000  0.058744  1
	0.0523053  2
	0.0401431  3
	0.0358506  4
	0.0558824  5
	0.0594595  6
	0.0673291  7
	0.0737679  8
	0.0802067  9
	0.0844992  10
	0.0916534  11
	0.0966614  12
	0.1031  13
	0.109539  14
	0.112401  15
	0.115262  16
	0.118839  17
	0.115262  18
	0.117409  19
	0.113116  20
	0.113831  21

014000  0.0408585  1
	0.0344197  2
	0.0286963  3
	0.0215421  4
	0.017965  5
	0.031558  6
	0.0401431  7
	0.0465819  8
	0.050159  9
	0.0565978  10
	0.0623211  11
	0.0716216  12
	0.0787758  13
	0.0809221  14
	0.0873609  15
	0.0923688  16
	0.0973768  17
	0.0980922  18
	0.0980922  19
	0.0988076  20
	0.100238  21

018000  0.0687599  1
	0.0658983  2
	0.0616057  3
	0.0558824  4
	0.0387122  5
	0.0387122  6
	0.0551669  7
	0.0630366  8
	0.0687599  9
	0.0737679  10
	0.0816375  11
	0.0887917  12
	0.0937997  13
	0.0988076  14
	0.105246  15
	0.108824  16
	0.113116  17
	0.113831  18
	0.113116  19
	0.110254  20
	0.111685  21

022000  0.0737679  1
	0.0716216  2
	0.0666137  3
	0.0616057  4
	0.0537361  5
	0.0422894  6
	0.0379968  7
	0.058744  8
	0.0666137  9
	0.0716216  10
	0.0759142  11
	0.0816375  12
	0.0887917  13
	0.0952305  14
	0.100954  15
	0.105246  16
	0.110254  17
	0.11097  18
	0.113116  19
	0.11097  20
	0.112401  21

026000  0.0580286  1
	0.0544515  2
	0.050159  3
	0.0472973  4
	0.0387122  5
	0.0322735  6
	0.0193959  7
	0.0222576  8
	0.0329889  9
	0.0387122  10
	0.0465819  11
	0.0558824  12
	0.0601749  13
	0.0673291  14
	0.0751987  15
	0.0794913  16
	0.0837838  17
	0.0866455  18
	0.0895072  19
	0.0873609  20
	0.0880763  21

030000  0.063752  1
	0.0616057  2
	0.0565978  3
	0.0508744  4
	0.0458665  5
	0.0408585  6
	0.031558  7
	0.0358506  8
	0.0394277  9
	0.0308426  10
	0.0379968  11
	0.0494436  12
	0.0558824  13
	0.0601749  14
	0.0687599  15
	0.0759142  16
	0.077345  17
	0.0830684  18
	0.0837838  19
	0.0837838  20
	0.0852146  21

034000  0.0895072  1
	0.0852146  2
	0.082353  3
	0.0787758  4
	0.0701908  5
	0.0644674  6
	0.0573132  7
	0.0530207  8
	0.0372814  9
	0.0351351  10
	0.0508744  11
	0.0616057  12
	0.0701908  13
	0.0737679  14
	0.082353  15
	0.0866455  16
	0.0952305  17
	0.0966614  18
	0.0966614  19
	0.095946  20
	0.0980922  21

038000  0.0973768  1
	0.0937997  2
	0.0902226  3
	0.0852146  4
	0.0809221  5
	0.0730525  6
	0.0673291  7
	0.0630366  8
	0.0558824  9
	0.0351351  10
	0.0351351  11
	0.0515898  12
	0.0630366  13
	0.0666137  14
	0.0744833  15
	0.0794913  16
	0.0873609  17
	0.0895072  18
	0.0930843  19
	0.0895072  20
	0.0937997  21

042000 0.104531  1
	0.102385  2
	0.0995231  3
	0.095946  4
	0.0895072  5
	0.0837838  6
	0.0787758  7
	0.072337  8
	0.0673291  9
	0.0515898  10
	0.0358506  11
	0.0379968  12
	0.0515898  13
	0.0601749  14
	0.0673291  15
	0.0744833  16
	0.0794913  17
	0.0830684  18
	0.0866455  19
	0.08593  20
	0.0902226  21

046000  0.109539  1
	0.108108  2
	0.104531  3
	0.100954  4
	0.0980922  5
	0.0902226  6
	0.0873609  7
	0.0809221  8
	0.077345  9
	0.0644674  10
	0.0551669  11
	0.0408585  12
	0.0408585  13
	0.0608903  14
	0.0673291  15
	0.0694754  16
	0.0766296  17
	0.0794913  18
	0.0837838  19
	0.0837838  20
	0.08593  21

050000  0.113116  1
	0.110254  2
	0.105962  3
	0.108824  4
	0.101669  5
	0.100238  6
	0.0952305  7
	0.0916534  8
	0.0837838  9
	0.0730525  10
	0.0658983  11
	0.0573132  12
	0.0394277  13
	0.0394277  14
	0.0623211  15
	0.0651828  16
	0.0737679  17
	0.077345  18
	0.0787758  19
	0.082353  20
	0.082353  21

054000  0.112401  1
	0.111685  2
	0.111685  3
	0.110254  4
	0.105962  5
	0.102385  6
	0.0980922  7
	0.0880763  8
	0.0830684  9
	0.077345  10
	0.0680445  11
	0.063752  12
	0.0573132  13
	0.0422894  14
	0.0422894  15
	0.0422894  16
	0.0415739  17
	0.0458665  18
	0.050159  19
	0.0530207  20
	0.0558824  21

058000  0.115978  1
	0.116693  2
	0.11097  3
	0.115262  4
	0.11097  5
	0.108824  6
	0.104531  7
	0.0973768  8
	0.0923688  9
	0.0837838  10
	0.0780604  11
	0.0694754  12
	0.0666137  13
	0.0558824  14
	0.0444356  15
	0.0415739  16
	0.0594595  17
	0.063752  18
	0.0687599  19
	0.0701908  20
	0.072337  21

062000  0.119555  1
	0.118124  2
	0.115978  3
	0.117409  4
	0.114547  5
	0.112401  6
	0.107393  7
	0.101669  8
	0.0988076  9
	0.0902226  10
	0.0830684  11
	0.0751987  12
	0.0730525  13
	0.063752  14
	0.0594595  15
	0.0630366  16
	0.0680445  17
	0.0616057  18
	0.063752  19
	0.0673291  20
	0.0709062  21

066000  0.115262  1
	0.115978  2
	0.113831  3
	0.117409  4
	0.111685  5
	0.108824  6
	0.105962  7
	0.1031  8
	0.0973768  9
	0.0895072  10
	0.082353  11
	0.0780604  12
	0.0716216  13
	0.0658983  14
	0.0594595  15
	0.050159  16
	0.0401431  17
	0.0394277  18
	0.031558  19
	0.036566  20
	0.0358506  21

070000  0.117409  1
	0.116693  2
	0.114547  3
	0.118124  4
	0.115978  5
	0.110254  6
	0.111685  7
	0.105962  8
	0.103816  9
	0.0952305  10
	0.0887917  11
	0.0837838  12
	0.0787758  13
	0.0716216  14
	0.0673291  15
	0.0594595  16
	0.0573132  17
	0.0608903  18
	0.0594595  19
	0.0766296  20
	0.082353  21

074000  0.118124  1
	0.118839  2
	0.117409  3
	0.119555  4
	0.118124  5
	0.115978  6
	0.113116  7
	0.108824  8
	0.107393  9
	0.100238  10
	0.0916534  11
	0.0880763  12
	0.0852146  13
	0.0802067  14
	0.072337  15
	0.063752  16
	0.0673291  17
	0.0565978  18
	0.0401431  19
	0.0358506  20
	0.045151  21

078000  0.116693  1
	0.115978  2
	0.116693  3
	0.115262  4
	0.115262  5
	0.112401  6
	0.110254  7
	0.107393  8
	0.105246  9
	0.0988076  10
	0.0923688  11
	0.0873609  12
	0.0837838  13
	0.0780604  14
	0.072337  15
	0.0651828  16
	0.0630366  17
	0.0573132  18
	0.0487281  19
	0.0301272  20
	0.031558  21

