-7.500000000000000000e-01 0.000000000000000000e+00
0.000000000000000000e+00 0.000000000000000000e+00
7.500000000000000000e-01 2.500000000000000139e-02
1.500000000000000000e+00 5.000000000000000278e-02
2.250000000000000000e+00 3.000000000000000236e-02
3.000000000000000000e+00 1.000000000000000021e-02
3.750000000000000000e+00 2.999999999999999889e-02
4.500000000000000000e+00 5.000000000000000278e-02
5.250000000000000000e+00 2.500000000000000139e-02
6.000000000000000000e+00 0.000000000000000000e+00
6.750000000000000000e+00 1.000000000000000021e-02
7.500000000000000000e+00 2.000000000000000042e-02
8.250000000000000000e+00 2.999999999999999889e-02
9.000000000000000000e+00 4.000000000000000083e-02
9.750000000000000000e+00 5.999999999999999778e-02
1.050000000000000000e+01 8.000000000000000167e-02
1.125000000000000000e+01 8.000000000000000167e-02
1.200000000000000000e+01 8.000000000000000167e-02
1.275000000000000000e+01 1.149999999999999911e-01
1.350000000000000000e+01 1.499999999999999944e-01
1.425000000000000000e+01 2.000000000000000111e-01
1.500000000000000000e+01 2.500000000000000000e-01
1.575000000000000000e+01 2.800000000000000266e-01
1.650000000000000000e+01 3.099999999999999978e-01
1.725000000000000000e+01 3.699999999999999956e-01
1.800000000000000000e+01 4.299999999999999933e-01
1.875000000000000000e+01 5.150000000000000133e-01
1.950000000000000000e+01 5.999999999999999778e-01
2.025000000000000000e+01 6.550000000000000266e-01
2.100000000000000000e+01 7.099999999999999645e-01
2.175000000000000000e+01 8.149999999999999467e-01
2.250000000000000000e+01 9.200000000000000400e-01
2.325000000000000000e+01 1.024999999999999911e+00
2.400000000000000000e+01 1.129999999999999893e+00
2.475000000000000000e+01 1.219999999999999973e+00
2.550000000000000000e+01 1.310000000000000053e+00
2.625000000000000000e+01 1.334999999999999964e+00
2.700000000000000000e+01 1.360000000000000098e+00
2.775000000000000000e+01 1.405000000000000027e+00
2.850000000000000000e+01 1.449999999999999956e+00
2.925000000000000000e+01 1.535000000000000142e+00
3.000000000000000000e+01 1.620000000000000107e+00
3.075000000000000000e+01 1.685000000000000053e+00
3.150000000000000000e+01 1.750000000000000000e+00
3.225000000000000000e+01 1.819999999999999840e+00
3.300000000000000000e+01 1.889999999999999902e+00
3.375000000000000000e+01 1.939999999999999947e+00
3.450000000000000000e+01 1.989999999999999991e+00
3.525000000000000000e+01 2.049999999999999822e+00
3.600000000000000000e+01 2.109999999999999876e+00
3.675000000000000000e+01 2.160000000000000142e+00
3.750000000000000000e+01 2.209999999999999964e+00
3.825000000000000000e+01 2.299999999999999822e+00
3.900000000000000000e+01 2.390000000000000124e+00
3.975000000000000000e+01 2.520000000000000018e+00
4.050000000000000000e+01 2.649999999999999911e+00
4.125000000000000000e+01 2.700000000000000178e+00
4.200000000000000000e+01 2.750000000000000000e+00
4.275000000000000000e+01 2.804999999999999716e+00
4.350000000000000000e+01 2.859999999999999876e+00
4.425000000000000000e+01 2.929999999999999716e+00
4.500000000000000000e+01 3.000000000000000000e+00
4.575000000000000000e+01 3.049999999999999822e+00
4.650000000000000000e+01 3.100000000000000089e+00
4.725000000000000000e+01 3.185000000000000053e+00
4.800000000000000000e+01 3.270000000000000018e+00
4.875000000000000000e+01 3.330000000000000071e+00
4.950000000000000000e+01 3.390000000000000124e+00
5.025000000000000000e+01 3.475000000000000089e+00
5.100000000000000000e+01 3.560000000000000053e+00
5.175000000000000000e+01 3.610000000000000320e+00
5.250000000000000000e+01 3.660000000000000142e+00
5.325000000000000000e+01 3.729999999999999982e+00
5.400000000000000000e+01 3.799999999999999822e+00
5.475000000000000000e+01 3.819999999999999840e+00
5.550000000000000000e+01 3.839999999999999858e+00
5.625000000000000000e+01 3.955000000000000071e+00
5.700000000000000000e+01 4.070000000000000284e+00
5.775000000000000000e+01 4.160000000000000142e+00
5.850000000000000000e+01 4.250000000000000000e+00
5.925000000000000000e+01 4.325000000000000178e+00
6.000000000000000000e+01 4.400000000000000355e+00
6.075000000000000000e+01 4.485000000000000320e+00
6.150000000000000000e+01 4.570000000000000284e+00
6.225000000000000000e+01 4.660000000000000142e+00
6.300000000000000000e+01 4.750000000000000000e+00
6.375000000000000000e+01 4.849999999999999645e+00
6.450000000000000000e+01 4.950000000000000178e+00
6.525000000000000000e+01 5.035000000000000142e+00
6.600000000000000000e+01 5.120000000000000107e+00
6.675000000000000000e+01 5.185000000000000497e+00
6.750000000000000000e+01 5.250000000000000000e+00
6.825000000000000000e+01 5.330000000000000071e+00
6.900000000000000000e+01 5.410000000000000142e+00
6.975000000000000000e+01 5.464999999999999858e+00
7.050000000000000000e+01 5.519999999999999574e+00
7.125000000000000000e+01 5.519999999999999574e+00
