G1DD48E2.bin
         2.00
11
3
Type of measurement (0=app. resistivity,1=resistance)
0
1010
 2
0
4  0.00  0.00 2.00  0.00 4.00  0.00 6.00  0.00 14167.25 
4  0.00  0.00 2.00  0.00 6.00  0.00 8.00  0.00 11625.81 
4  0.00  0.00 2.00  0.00 8.00  0.00 10.00  0.00 8824.60 
4  0.00  0.00 2.00  0.00 10.00  0.00 12.00  0.00 7075.85 
4  0.00  0.00 2.00  0.00 12.00  0.00 14.00  0.00 4673.24 
4  0.00  0.00 2.00  0.00 14.00  0.00 16.00  0.00 2392.31 
4  0.00  0.00 4.00  0.00 18.00  0.00 22.00  0.00 1471.30 
4  0.00  0.00 4.00  0.00 22.00  0.00 26.00  0.00 1331.21 
4  0.00  0.00 4.00  0.00 26.00  0.00 30.00  0.00 1128.52 
4  0.00  0.00 4.00  0.00 30.00  0.00 20.00  0.00 1068.69 
4  0.00  0.00 4.00  0.00 20.00  0.00 24.00  0.00 1094.46 
4  0.00  0.00 4.00  0.00 24.00  0.00 28.00  0.00 956.11 
4  0.00  0.00 4.00  0.00 28.00  0.00 32.00  0.00 1193.70 
4  0.00  0.00 6.00  0.00 32.00  0.00 38.00  0.00 1076.37 
4  0.00  0.00 6.00  0.00 38.00  0.00 44.00  0.00 595.93 
4  0.00  0.00 6.00  0.00 44.00  0.00 34.00  0.00 816.51 
4  0.00  0.00 6.00  0.00 34.00  0.00 40.00  0.00 884.44 
4  0.00  0.00 6.00  0.00 40.00  0.00 46.00  0.00 704.64 
4  0.00  0.00 6.00  0.00 46.00  0.00 36.00  0.00 799.21 
4  0.00  0.00 6.00  0.00 36.00  0.00 42.00  0.00 926.06 
4  0.00  0.00 6.00  0.00 42.00  0.00 48.00  0.00 374.19 
4  0.00  0.00 8.00  0.00 46.00  0.00 54.00  0.00 422.73 
4  0.00  0.00 8.00  0.00 54.00  0.00 62.00  0.00 456.68 
4  0.00  0.00 8.00  0.00 62.00  0.00 48.00  0.00 387.09 
4  0.00  0.00 8.00  0.00 48.00  0.00 56.00  0.00 270.11 
4  0.00  0.00 8.00  0.00 56.00  0.00 64.00  0.00 781.59 
4  0.00  0.00 8.00  0.00 64.00  0.00 50.00  0.00 561.50 
4  0.00  0.00 8.00  0.00 50.00  0.00 58.00  0.00 488.20 
4  0.00  0.00 8.00  0.00 58.00  0.00 52.00  0.00 571.79 
4  0.00  0.00 8.00  0.00 52.00  0.00 60.00  0.00 624.09 
4  0.00  0.00 10.00  0.00 60.00  0.00 70.00  0.00 977.00 
4  0.00  0.00 10.00  0.00 70.00  0.00 80.00  0.00 706.30 
4  0.00  0.00 10.00  0.00 80.00  0.00 62.00  0.00 770.06 
4  0.00  0.00 10.00  0.00 62.00  0.00 72.00  0.00 618.70 
4  0.00  0.00 10.00  0.00 72.00  0.00 64.00  0.00 673.22 
4  0.00  0.00 10.00  0.00 64.00  0.00 74.00  0.00 775.38 
4  0.00  0.00 10.00  0.00 74.00  0.00 66.00  0.00 570.41 
4  0.00  0.00 10.00  0.00 66.00  0.00 76.00  0.00 668.95 
4  0.00  0.00 10.00  0.00 76.00  0.00 68.00  0.00 767.93 
4  0.00  0.00 10.00  0.00 68.00  0.00 78.00  0.00 783.25 
4  0.00  0.00 12.00  0.00 74.00  0.00 86.00  0.00 1103.77 
4  0.00  0.00 12.00  0.00 86.00  0.00 76.00  0.00 1099.96 
4  0.00  0.00 12.00  0.00 76.00  0.00 88.00  0.00 1096.20 
4  0.00  0.00 12.00  0.00 88.00  0.00 78.00  0.00 1177.53 
4  0.00  0.00 12.00  0.00 78.00  0.00 90.00  0.00 1253.08 
4  0.00  0.00 12.00  0.00 90.00  0.00 80.00  0.00 1392.85 
4  0.00  0.00 12.00  0.00 80.00  0.00 92.00  0.00 1577.57 
4  0.00  0.00 12.00  0.00 92.00  0.00 82.00  0.00 1716.46 
4  0.00  0.00 12.00  0.00 82.00  0.00 94.00  0.00 3201.96 
4  2.00  0.00 4.00  0.00 6.00  0.00 8.00  0.00 13273.77 
4  2.00  0.00 4.00  0.00 8.00  0.00 10.00  0.00 12568.97 
4  2.00  0.00 4.00  0.00 16.00  0.00 18.00  0.00 2851.20 
4  2.00  0.00 4.00  0.00 10.00  0.00 12.00  0.00 10744.32 
4  2.00  0.00 4.00  0.00 12.00  0.00 14.00  0.00 7288.73 
4  2.00  0.00 4.00  0.00 14.00  0.00 16.00  0.00 3511.63 
4  2.00  0.00 6.00  0.00 20.00  0.00 24.00  0.00 1242.32 
4  2.00  0.00 6.00  0.00 24.00  0.00 28.00  0.00 963.95 
4  2.00  0.00 6.00  0.00 28.00  0.00 32.00  0.00 1105.16 
4  2.00  0.00 6.00  0.00 32.00  0.00 22.00  0.00 965.27 
4  2.00  0.00 6.00  0.00 22.00  0.00 26.00  0.00 904.98 
4  2.00  0.00 6.00  0.00 26.00  0.00 30.00  0.00 992.43 
4  2.00  0.00 6.00  0.00 30.00  0.00 34.00  0.00 1093.13 
4  2.00  0.00 8.00  0.00 34.00  0.00 40.00  0.00 1034.81 
4  2.00  0.00 8.00  0.00 40.00  0.00 46.00  0.00 544.04 
4  2.00  0.00 8.00  0.00 46.00  0.00 36.00  0.00 732.66 
4  2.00  0.00 8.00  0.00 36.00  0.00 42.00  0.00 819.73 
4  2.00  0.00 8.00  0.00 42.00  0.00 48.00  0.00 560.79 
4  2.00  0.00 8.00  0.00 48.00  0.00 38.00  0.00 684.64 
4  2.00  0.00 8.00  0.00 38.00  0.00 44.00  0.00 787.46 
4  2.00  0.00 8.00  0.00 44.00  0.00 50.00  0.00 343.93 
4  2.00  0.00 10.00  0.00 48.00  0.00 56.00  0.00 424.12 
4  2.00  0.00 10.00  0.00 56.00  0.00 64.00  0.00 441.80 
4  2.00  0.00 10.00  0.00 64.00  0.00 50.00  0.00 400.69 
4  2.00  0.00 10.00  0.00 50.00  0.00 58.00  0.00 280.24 
4  2.00  0.00 10.00  0.00 58.00  0.00 66.00  0.00 913.50 
4  2.00  0.00 10.00  0.00 66.00  0.00 52.00  0.00 635.29 
4  2.00  0.00 10.00  0.00 52.00  0.00 60.00  0.00 536.72 
4  2.00  0.00 10.00  0.00 60.00  0.00 54.00  0.00 692.73 
4  2.00  0.00 10.00  0.00 54.00  0.00 62.00  0.00 729.00 
4  2.00  0.00 12.00  0.00 62.00  0.00 72.00  0.00 894.02 
4  2.00  0.00 12.00  0.00 72.00  0.00 82.00  0.00 814.57 
4  2.00  0.00 12.00  0.00 82.00  0.00 64.00  0.00 827.31 
4  2.00  0.00 12.00  0.00 64.00  0.00 74.00  0.00 751.56 
4  2.00  0.00 12.00  0.00 74.00  0.00 66.00  0.00 586.44 
4  2.00  0.00 12.00  0.00 66.00  0.00 76.00  0.00 672.35 
4  2.00  0.00 12.00  0.00 76.00  0.00 68.00  0.00 779.80 
4  2.00  0.00 12.00  0.00 68.00  0.00 78.00  0.00 767.25 
4  2.00  0.00 12.00  0.00 78.00  0.00 70.00  0.00 682.86 
4  2.00  0.00 12.00  0.00 70.00  0.00 80.00  0.00 701.14 
4  2.00  0.00 14.00  0.00 76.00  0.00 88.00  0.00 983.00 
4  2.00  0.00 14.00  0.00 88.00  0.00 78.00  0.00 1061.33 
4  2.00  0.00 14.00  0.00 78.00  0.00 90.00  0.00 1139.22 
4  2.00  0.00 14.00  0.00 90.00  0.00 80.00  0.00 1241.69 
4  2.00  0.00 14.00  0.00 80.00  0.00 92.00  0.00 1396.49 
4  2.00  0.00 14.00  0.00 92.00  0.00 82.00  0.00 1482.76 
4  2.00  0.00 14.00  0.00 82.00  0.00 94.00  0.00 2813.25 
4  4.00  0.00 6.00  0.00 8.00  0.00 10.00  0.00 9939.60 
4  4.00  0.00 6.00  0.00 10.00  0.00 12.00  0.00 10599.34 
4  4.00  0.00 6.00  0.00 18.00  0.00 20.00  0.00 2372.93 
4  4.00  0.00 6.00  0.00 12.00  0.00 14.00  0.00 8168.41 
4  4.00  0.00 6.00  0.00 14.00  0.00 16.00  0.00 3904.27 
4  4.00  0.00 6.00  0.00 16.00  0.00 18.00  0.00 3126.60 
4  4.00  0.00 8.00  0.00 22.00  0.00 26.00  0.00 857.42 
4  4.00  0.00 8.00  0.00 26.00  0.00 30.00  0.00 1049.30 
4  4.00  0.00 8.00  0.00 30.00  0.00 34.00  0.00 1116.14 
4  4.00  0.00 8.00  0.00 34.00  0.00 24.00  0.00 1088.39 
4  4.00  0.00 8.00  0.00 24.00  0.00 28.00  0.00 1130.27 
4  4.00  0.00 8.00  0.00 28.00  0.00 32.00  0.00 992.05 
4  4.00  0.00 8.00  0.00 32.00  0.00 36.00  0.00 1142.43 
4  4.00  0.00 10.00  0.00 36.00  0.00 42.00  0.00 909.45 
4  4.00  0.00 10.00  0.00 42.00  0.00 48.00  0.00 416.92 
4  4.00  0.00 10.00  0.00 48.00  0.00 38.00  0.00 590.06 
4  4.00  0.00 10.00  0.00 38.00  0.00 44.00  0.00 663.23 
4  4.00  0.00 10.00  0.00 44.00  0.00 50.00  0.00 474.48 
4  4.00  0.00 10.00  0.00 50.00  0.00 40.00  0.00 573.53 
4  4.00  0.00 10.00  0.00 40.00  0.00 46.00  0.00 648.24 
4  4.00  0.00 10.00  0.00 46.00  0.00 52.00  0.00 315.76 
4  4.00  0.00 12.00  0.00 50.00  0.00 58.00  0.00 366.32 
4  4.00  0.00 12.00  0.00 58.00  0.00 66.00  0.00 545.77 
4  4.00  0.00 12.00  0.00 66.00  0.00 52.00  0.00 330.95 
4  4.00  0.00 12.00  0.00 52.00  0.00 60.00  0.00 123.85 
4  4.00  0.00 12.00  0.00 60.00  0.00 68.00  0.00 888.17 
4  4.00  0.00 12.00  0.00 68.00  0.00 54.00  0.00 620.87 
4  4.00  0.00 12.00  0.00 54.00  0.00 62.00  0.00 601.57 
4  4.00  0.00 12.00  0.00 62.00  0.00 56.00  0.00 782.18 
4  4.00  0.00 12.00  0.00 56.00  0.00 64.00  0.00 712.21 
4  4.00  0.00 14.00  0.00 64.00  0.00 74.00  0.00 948.28 
4  4.00  0.00 14.00  0.00 74.00  0.00 84.00  0.00 541.77 
4  4.00  0.00 14.00  0.00 84.00  0.00 66.00  0.00 620.71 
4  4.00  0.00 14.00  0.00 66.00  0.00 76.00  0.00 565.92 
4  4.00  0.00 14.00  0.00 76.00  0.00 68.00  0.00 690.40 
4  4.00  0.00 14.00  0.00 68.00  0.00 78.00  0.00 675.95 
4  4.00  0.00 14.00  0.00 78.00  0.00 70.00  0.00 597.35 
4  4.00  0.00 14.00  0.00 70.00  0.00 80.00  0.00 601.37 
4  4.00  0.00 14.00  0.00 80.00  0.00 72.00  0.00 667.47 
4  4.00  0.00 14.00  0.00 72.00  0.00 82.00  0.00 730.71 
4  4.00  0.00 16.00  0.00 78.00  0.00 90.00  0.00 1014.78 
4  4.00  0.00 16.00  0.00 90.00  0.00 80.00  0.00 1104.75 
4  4.00  0.00 16.00  0.00 80.00  0.00 92.00  0.00 1270.20 
4  4.00  0.00 16.00  0.00 92.00  0.00 82.00  0.00 1346.71 
4  4.00  0.00 16.00  0.00 82.00  0.00 94.00  0.00 2558.86 
4  6.00  0.00 8.00  0.00 10.00  0.00 12.00  0.00 9062.98 
4  6.00  0.00 8.00  0.00 12.00  0.00 14.00  0.00 9388.92 
4  6.00  0.00 8.00  0.00 20.00  0.00 22.00  0.00 1831.16 
4  6.00  0.00 8.00  0.00 14.00  0.00 16.00  0.00 4919.15 
4  6.00  0.00 8.00  0.00 16.00  0.00 18.00  0.00 3882.24 
4  6.00  0.00 8.00  0.00 18.00  0.00 20.00  0.00 2899.15 
4  6.00  0.00 10.00  0.00 24.00  0.00 28.00  0.00 1137.69 
4  6.00  0.00 10.00  0.00 28.00  0.00 32.00  0.00 1091.95 
4  6.00  0.00 10.00  0.00 32.00  0.00 36.00  0.00 1097.79 
4  6.00  0.00 10.00  0.00 36.00  0.00 26.00  0.00 1122.99 
4  6.00  0.00 10.00  0.00 26.00  0.00 30.00  0.00 1139.27 
4  6.00  0.00 10.00  0.00 30.00  0.00 34.00  0.00 1070.64 
4  6.00  0.00 10.00  0.00 34.00  0.00 38.00  0.00 1104.39 
4  6.00  0.00 12.00  0.00 38.00  0.00 44.00  0.00 767.02 
4  6.00  0.00 12.00  0.00 44.00  0.00 50.00  0.00 366.72 
4  6.00  0.00 12.00  0.00 50.00  0.00 40.00  0.00 523.50 
4  6.00  0.00 12.00  0.00 40.00  0.00 46.00  0.00 578.50 
4  6.00  0.00 12.00  0.00 46.00  0.00 52.00  0.00 454.05 
4  6.00  0.00 12.00  0.00 52.00  0.00 42.00  0.00 491.31 
4  6.00  0.00 12.00  0.00 42.00  0.00 48.00  0.00 530.25 
4  6.00  0.00 12.00  0.00 48.00  0.00 54.00  0.00 236.63 
4  6.00  0.00 14.00  0.00 52.00  0.00 60.00  0.00 324.86 
4  6.00  0.00 14.00  0.00 60.00  0.00 68.00  0.00 577.03 
4  6.00  0.00 14.00  0.00 68.00  0.00 54.00  0.00 456.93 
4  6.00  0.00 14.00  0.00 54.00  0.00 62.00  0.00 339.95 
4  6.00  0.00 14.00  0.00 62.00  0.00 70.00  0.00 799.03 
4  6.00  0.00 14.00  0.00 70.00  0.00 56.00  0.00 632.67 
4  6.00  0.00 14.00  0.00 56.00  0.00 64.00  0.00 558.00 
4  6.00  0.00 14.00  0.00 64.00  0.00 58.00  0.00 641.80 
4  6.00  0.00 14.00  0.00 58.00  0.00 66.00  0.00 728.93 
4  6.00  0.00 16.00  0.00 66.00  0.00 76.00  0.00 794.81 
4  6.00  0.00 16.00  0.00 76.00  0.00 86.00  0.00 628.27 
4  6.00  0.00 16.00  0.00 86.00  0.00 68.00  0.00 704.67 
4  6.00  0.00 16.00  0.00 68.00  0.00 78.00  0.00 674.36 
4  6.00  0.00 16.00  0.00 78.00  0.00 70.00  0.00 656.78 
4  6.00  0.00 16.00  0.00 70.00  0.00 80.00  0.00 660.36 
4  6.00  0.00 16.00  0.00 80.00  0.00 72.00  0.00 701.86 
4  6.00  0.00 16.00  0.00 72.00  0.00 82.00  0.00 717.98 
4  6.00  0.00 16.00  0.00 82.00  0.00 74.00  0.00 662.94 
4  6.00  0.00 16.00  0.00 74.00  0.00 84.00  0.00 645.09 
4  6.00  0.00 18.00  0.00 80.00  0.00 92.00  0.00 1035.06 
4  6.00  0.00 18.00  0.00 92.00  0.00 82.00  0.00 1111.31 
4  6.00  0.00 18.00  0.00 82.00  0.00 94.00  0.00 1647.96 
4  8.00  0.00 10.00  0.00 12.00  0.00 14.00  0.00 6498.85 
4  8.00  0.00 10.00  0.00 14.00  0.00 16.00  0.00 4338.21 
4  8.00  0.00 10.00  0.00 22.00  0.00 24.00  0.00 1330.11 
4  8.00  0.00 10.00  0.00 16.00  0.00 18.00  0.00 3650.12 
4  8.00  0.00 10.00  0.00 18.00  0.00 20.00  0.00 2798.82 
4  8.00  0.00 10.00  0.00 20.00  0.00 22.00  0.00 1792.01 
4  8.00  0.00 12.00  0.00 26.00  0.00 30.00  0.00 1046.75 
4  8.00  0.00 12.00  0.00 30.00  0.00 34.00  0.00 996.50 
4  8.00  0.00 12.00  0.00 34.00  0.00 38.00  0.00 1047.08 
4  8.00  0.00 12.00  0.00 38.00  0.00 28.00  0.00 1021.48 
4  8.00  0.00 12.00  0.00 28.00  0.00 32.00  0.00 1040.88 
4  8.00  0.00 12.00  0.00 32.00  0.00 36.00  0.00 977.18 
4  8.00  0.00 12.00  0.00 36.00  0.00 40.00  0.00 950.20 
4  8.00  0.00 14.00  0.00 40.00  0.00 46.00  0.00 557.89 
4  8.00  0.00 14.00  0.00 46.00  0.00 52.00  0.00 302.03 
4  8.00  0.00 14.00  0.00 52.00  0.00 42.00  0.00 379.67 
4  8.00  0.00 14.00  0.00 42.00  0.00 48.00  0.00 403.62 
4  8.00  0.00 14.00  0.00 48.00  0.00 54.00  0.00 320.15 
4  8.00  0.00 14.00  0.00 54.00  0.00 44.00  0.00 348.37 
4  8.00  0.00 14.00  0.00 44.00  0.00 50.00  0.00 392.14 
4  8.00  0.00 14.00  0.00 50.00  0.00 56.00  0.00 143.47 
4  8.00  0.00 16.00  0.00 54.00  0.00 62.00  0.00 393.70 
4  8.00  0.00 16.00  0.00 62.00  0.00 70.00  0.00 488.82 
4  8.00  0.00 16.00  0.00 70.00  0.00 56.00  0.00 447.28 
4  8.00  0.00 16.00  0.00 56.00  0.00 64.00  0.00 348.81 
4  8.00  0.00 16.00  0.00 64.00  0.00 72.00  0.00 713.24 
4  8.00  0.00 16.00  0.00 72.00  0.00 58.00  0.00 581.28 
4  8.00  0.00 16.00  0.00 58.00  0.00 66.00  0.00 603.44 
4  8.00  0.00 16.00  0.00 66.00  0.00 60.00  0.00 688.05 
4  8.00  0.00 16.00  0.00 60.00  0.00 68.00  0.00 631.43 
4  8.00  0.00 18.00  0.00 68.00  0.00 78.00  0.00 742.80 
4  8.00  0.00 18.00  0.00 78.00  0.00 88.00  0.00 584.59 
4  8.00  0.00 18.00  0.00 88.00  0.00 70.00  0.00 637.55 
4  8.00  0.00 18.00  0.00 70.00  0.00 80.00  0.00 576.08 
4  8.00  0.00 18.00  0.00 80.00  0.00 72.00  0.00 611.26 
4  8.00  0.00 18.00  0.00 72.00  0.00 82.00  0.00 631.30 
4  8.00  0.00 18.00  0.00 82.00  0.00 74.00  0.00 575.88 
4  8.00  0.00 18.00  0.00 74.00  0.00 84.00  0.00 560.30 
4  8.00  0.00 18.00  0.00 84.00  0.00 76.00  0.00 485.95 
4  8.00  0.00 18.00  0.00 76.00  0.00 86.00  0.00 551.84 
4  8.00  0.00 20.00  0.00 82.00  0.00 94.00  0.00 1582.29 
4  10.00  0.00 12.00  0.00 14.00  0.00 16.00  0.00 2885.85 
4  10.00  0.00 12.00  0.00 16.00  0.00 18.00  0.00 2845.32 
4  10.00  0.00 12.00  0.00 24.00  0.00 26.00  0.00 984.75 
4  10.00  0.00 12.00  0.00 18.00  0.00 20.00  0.00 2330.79 
4  10.00  0.00 12.00  0.00 20.00  0.00 22.00  0.00 1534.39 
4  10.00  0.00 12.00  0.00 22.00  0.00 24.00  0.00 1161.96 
4  10.00  0.00 14.00  0.00 28.00  0.00 32.00  0.00 818.56 
4  10.00  0.00 14.00  0.00 32.00  0.00 36.00  0.00 787.13 
4  10.00  0.00 14.00  0.00 36.00  0.00 40.00  0.00 771.27 
4  10.00  0.00 14.00  0.00 40.00  0.00 30.00  0.00 807.00 
4  10.00  0.00 14.00  0.00 30.00  0.00 34.00  0.00 823.99 
4  10.00  0.00 14.00  0.00 34.00  0.00 38.00  0.00 796.43 
4  10.00  0.00 14.00  0.00 38.00  0.00 42.00  0.00 672.47 
4  10.00  0.00 16.00  0.00 42.00  0.00 48.00  0.00 379.78 
4  10.00  0.00 16.00  0.00 48.00  0.00 54.00  0.00 173.03 
4  10.00  0.00 16.00  0.00 54.00  0.00 44.00  0.00 241.33 
4  10.00  0.00 16.00  0.00 44.00  0.00 50.00  0.00 273.97 
4  10.00  0.00 16.00  0.00 50.00  0.00 56.00  0.00 210.96 
4  10.00  0.00 16.00  0.00 56.00  0.00 46.00  0.00 249.81 
4  10.00  0.00 16.00  0.00 46.00  0.00 52.00  0.00 317.68 
4  10.00  0.00 16.00  0.00 52.00  0.00 58.00  0.00 97.88 
4  10.00  0.00 18.00  0.00 56.00  0.00 64.00  0.00 400.97 
4  10.00  0.00 18.00  0.00 64.00  0.00 72.00  0.00 488.51 
4  10.00  0.00 18.00  0.00 72.00  0.00 58.00  0.00 450.14 
4  10.00  0.00 18.00  0.00 58.00  0.00 66.00  0.00 418.74 
4  10.00  0.00 18.00  0.00 66.00  0.00 74.00  0.00 614.82 
4  10.00  0.00 18.00  0.00 74.00  0.00 60.00  0.00 556.78 
4  10.00  0.00 18.00  0.00 60.00  0.00 68.00  0.00 532.57 
4  10.00  0.00 18.00  0.00 68.00  0.00 62.00  0.00 576.69 
4  10.00  0.00 18.00  0.00 62.00  0.00 70.00  0.00 592.55 
4  10.00  0.00 20.00  0.00 70.00  0.00 80.00  0.00 628.14 
4  10.00  0.00 20.00  0.00 80.00  0.00 90.00  0.00 655.27 
4  10.00  0.00 20.00  0.00 90.00  0.00 72.00  0.00 642.84 
4  10.00  0.00 20.00  0.00 72.00  0.00 82.00  0.00 585.37 
4  10.00  0.00 20.00  0.00 82.00  0.00 74.00  0.00 550.65 
4  10.00  0.00 20.00  0.00 74.00  0.00 84.00  0.00 542.60 
4  10.00  0.00 20.00  0.00 84.00  0.00 76.00  0.00 482.58 
4  10.00  0.00 20.00  0.00 76.00  0.00 86.00  0.00 534.73 
4  10.00  0.00 20.00  0.00 86.00  0.00 78.00  0.00 526.87 
4  10.00  0.00 20.00  0.00 78.00  0.00 88.00  0.00 568.57 
4  12.00  0.00 14.00  0.00 16.00  0.00 18.00  0.00 2081.03 
4  12.00  0.00 14.00  0.00 26.00  0.00 28.00  0.00 718.99 
4  12.00  0.00 14.00  0.00 18.00  0.00 20.00  0.00 1620.01 
4  12.00  0.00 14.00  0.00 20.00  0.00 22.00  0.00 1072.88 
4  12.00  0.00 14.00  0.00 22.00  0.00 24.00  0.00 821.18 
4  12.00  0.00 14.00  0.00 24.00  0.00 26.00  0.00 676.98 
4  12.00  0.00 16.00  0.00 30.00  0.00 34.00  0.00 623.98 
4  12.00  0.00 16.00  0.00 34.00  0.00 38.00  0.00 623.16 
4  12.00  0.00 16.00  0.00 38.00  0.00 42.00  0.00 508.11 
4  12.00  0.00 16.00  0.00 42.00  0.00 32.00  0.00 587.45 
4  12.00  0.00 16.00  0.00 32.00  0.00 36.00  0.00 622.44 
4  12.00  0.00 16.00  0.00 36.00  0.00 40.00  0.00 557.30 
4  12.00  0.00 16.00  0.00 40.00  0.00 44.00  0.00 446.75 
4  12.00  0.00 18.00  0.00 44.00  0.00 50.00  0.00 283.02 
4  12.00  0.00 18.00  0.00 50.00  0.00 56.00  0.00 141.90 
4  12.00  0.00 18.00  0.00 56.00  0.00 46.00  0.00 202.63 
4  12.00  0.00 18.00  0.00 46.00  0.00 52.00  0.00 235.16 
4  12.00  0.00 18.00  0.00 52.00  0.00 58.00  0.00 175.07 
4  12.00  0.00 18.00  0.00 58.00  0.00 48.00  0.00 197.49 
4  12.00  0.00 18.00  0.00 48.00  0.00 54.00  0.00 196.20 
4  12.00  0.00 18.00  0.00 54.00  0.00 60.00  0.00 206.21 
4  12.00  0.00 20.00  0.00 58.00  0.00 66.00  0.00 403.02 
4  12.00  0.00 20.00  0.00 66.00  0.00 74.00  0.00 455.71 
4  12.00  0.00 20.00  0.00 74.00  0.00 60.00  0.00 440.09 
4  12.00  0.00 20.00  0.00 60.00  0.00 68.00  0.00 406.40 
4  12.00  0.00 20.00  0.00 68.00  0.00 76.00  0.00 571.36 
4  12.00  0.00 20.00  0.00 76.00  0.00 62.00  0.00 508.46 
4  12.00  0.00 20.00  0.00 62.00  0.00 70.00  0.00 479.41 
4  12.00  0.00 20.00  0.00 70.00  0.00 64.00  0.00 513.25 
4  12.00  0.00 20.00  0.00 64.00  0.00 72.00  0.00 496.56 
4  12.00  0.00 22.00  0.00 72.00  0.00 82.00  0.00 567.96 
4  12.00  0.00 22.00  0.00 82.00  0.00 92.00  0.00 628.20 
4  12.00  0.00 22.00  0.00 92.00  0.00 74.00  0.00 574.61 
4  12.00  0.00 22.00  0.00 74.00  0.00 84.00  0.00 483.35 
4  12.00  0.00 22.00  0.00 84.00  0.00 76.00  0.00 446.21 
4  12.00  0.00 22.00  0.00 76.00  0.00 86.00  0.00 476.77 
4  12.00  0.00 22.00  0.00 86.00  0.00 78.00  0.00 479.07 
4  12.00  0.00 22.00  0.00 78.00  0.00 88.00  0.00 510.00 
4  12.00  0.00 22.00  0.00 88.00  0.00 80.00  0.00 533.25 
4  12.00  0.00 22.00  0.00 80.00  0.00 90.00  0.00 579.20 
4  14.00  0.00 16.00  0.00 18.00  0.00 20.00  0.00 1616.24 
4  14.00  0.00 16.00  0.00 28.00  0.00 30.00  0.00 562.27 
4  14.00  0.00 16.00  0.00 20.00  0.00 22.00  0.00 976.98 
4  14.00  0.00 16.00  0.00 22.00  0.00 24.00  0.00 743.78 
4  14.00  0.00 16.00  0.00 24.00  0.00 26.00  0.00 610.05 
4  14.00  0.00 16.00  0.00 26.00  0.00 28.00  0.00 589.78 
4  14.00  0.00 18.00  0.00 32.00  0.00 36.00  0.00 629.38 
4  14.00  0.00 18.00  0.00 36.00  0.00 40.00  0.00 586.58 
4  14.00  0.00 18.00  0.00 40.00  0.00 44.00  0.00 438.26 
4  14.00  0.00 18.00  0.00 44.00  0.00 34.00  0.00 573.34 
4  14.00  0.00 18.00  0.00 34.00  0.00 38.00  0.00 649.72 
4  14.00  0.00 18.00  0.00 38.00  0.00 42.00  0.00 507.31 
4  14.00  0.00 18.00  0.00 42.00  0.00 46.00  0.00 339.58 
4  14.00  0.00 20.00  0.00 46.00  0.00 52.00  0.00 231.54 
4  14.00  0.00 20.00  0.00 52.00  0.00 58.00  0.00 156.08 
4  14.00  0.00 20.00  0.00 58.00  0.00 48.00  0.00 181.48 
4  14.00  0.00 20.00  0.00 48.00  0.00 54.00  0.00 173.73 
4  14.00  0.00 20.00  0.00 54.00  0.00 60.00  0.00 221.39 
4  14.00  0.00 20.00  0.00 60.00  0.00 50.00  0.00 179.61 
4  14.00  0.00 20.00  0.00 50.00  0.00 56.00  0.00 150.30 
4  14.00  0.00 20.00  0.00 56.00  0.00 62.00  0.00 277.34 
4  14.00  0.00 22.00  0.00 60.00  0.00 68.00  0.00 376.70 
4  14.00  0.00 22.00  0.00 68.00  0.00 76.00  0.00 466.80 
4  14.00  0.00 22.00  0.00 76.00  0.00 62.00  0.00 431.29 
4  14.00  0.00 22.00  0.00 62.00  0.00 70.00  0.00 398.32 
4  14.00  0.00 22.00  0.00 70.00  0.00 78.00  0.00 490.38 
4  14.00  0.00 22.00  0.00 78.00  0.00 64.00  0.00 450.94 
4  14.00  0.00 22.00  0.00 64.00  0.00 72.00  0.00 414.87 
4  14.00  0.00 22.00  0.00 72.00  0.00 66.00  0.00 419.69 
4  14.00  0.00 22.00  0.00 66.00  0.00 74.00  0.00 442.57 
4  14.00  0.00 24.00  0.00 74.00  0.00 84.00  0.00 470.98 
4  14.00  0.00 24.00  0.00 84.00  0.00 94.00  0.00 637.06 
4  14.00  0.00 24.00  0.00 94.00  0.00 76.00  0.00 532.69 
4  14.00  0.00 24.00  0.00 76.00  0.00 86.00  0.00 471.33 
4  14.00  0.00 24.00  0.00 86.00  0.00 78.00  0.00 486.32 
4  14.00  0.00 24.00  0.00 78.00  0.00 88.00  0.00 514.63 
4  14.00  0.00 24.00  0.00 88.00  0.00 80.00  0.00 523.68 
4  14.00  0.00 24.00  0.00 80.00  0.00 90.00  0.00 557.73 
4  14.00  0.00 24.00  0.00 90.00  0.00 82.00  0.00 595.65 
4  14.00  0.00 24.00  0.00 82.00  0.00 92.00  0.00 611.63 
4  16.00  0.00 18.00  0.00 20.00  0.00 22.00  0.00 1002.73 
4  16.00  0.00 18.00  0.00 30.00  0.00 32.00  0.00 709.10 
4  16.00  0.00 18.00  0.00 22.00  0.00 24.00  0.00 837.31 
4  16.00  0.00 18.00  0.00 24.00  0.00 26.00  0.00 726.73 
4  16.00  0.00 18.00  0.00 26.00  0.00 28.00  0.00 696.99 
4  16.00  0.00 18.00  0.00 28.00  0.00 30.00  0.00 661.14 
4  16.00  0.00 20.00  0.00 34.00  0.00 38.00  0.00 657.51 
4  16.00  0.00 20.00  0.00 38.00  0.00 42.00  0.00 517.90 
4  16.00  0.00 20.00  0.00 42.00  0.00 46.00  0.00 359.45 
4  16.00  0.00 20.00  0.00 46.00  0.00 36.00  0.00 520.77 
4  16.00  0.00 20.00  0.00 36.00  0.00 40.00  0.00 602.12 
4  16.00  0.00 20.00  0.00 40.00  0.00 44.00  0.00 447.67 
4  16.00  0.00 20.00  0.00 44.00  0.00 48.00  0.00 304.80 
4  16.00  0.00 22.00  0.00 48.00  0.00 54.00  0.00 167.90 
4  16.00  0.00 22.00  0.00 54.00  0.00 60.00  0.00 180.04 
4  16.00  0.00 22.00  0.00 60.00  0.00 50.00  0.00 156.13 
4  16.00  0.00 22.00  0.00 50.00  0.00 56.00  0.00 128.26 
4  16.00  0.00 22.00  0.00 56.00  0.00 62.00  0.00 259.95 
4  16.00  0.00 22.00  0.00 62.00  0.00 52.00  0.00 183.36 
4  16.00  0.00 22.00  0.00 52.00  0.00 58.00  0.00 137.49 
4  16.00  0.00 22.00  0.00 58.00  0.00 64.00  0.00 288.40 
4  16.00  0.00 24.00  0.00 62.00  0.00 70.00  0.00 369.95 
4  16.00  0.00 24.00  0.00 70.00  0.00 78.00  0.00 438.07 
4  16.00  0.00 24.00  0.00 78.00  0.00 64.00  0.00 407.24 
4  16.00  0.00 24.00  0.00 64.00  0.00 72.00  0.00 369.87 
4  16.00  0.00 24.00  0.00 72.00  0.00 80.00  0.00 484.98 
4  16.00  0.00 24.00  0.00 80.00  0.00 66.00  0.00 432.36 
4  16.00  0.00 24.00  0.00 66.00  0.00 74.00  0.00 414.36 
4  16.00  0.00 24.00  0.00 74.00  0.00 68.00  0.00 401.87 
4  16.00  0.00 24.00  0.00 68.00  0.00 76.00  0.00 432.94 
4  16.00  0.00 26.00  0.00 76.00  0.00 86.00  0.00 449.39 
4  16.00  0.00 26.00  0.00 86.00  0.00 78.00  0.00 468.07 
4  16.00  0.00 26.00  0.00 78.00  0.00 88.00  0.00 486.71 
4  16.00  0.00 26.00  0.00 88.00  0.00 80.00  0.00 495.93 
4  16.00  0.00 26.00  0.00 80.00  0.00 90.00  0.00 528.76 
4  16.00  0.00 26.00  0.00 90.00  0.00 82.00  0.00 562.58 
4  16.00  0.00 26.00  0.00 82.00  0.00 92.00  0.00 582.90 
4  16.00  0.00 26.00  0.00 92.00  0.00 84.00  0.00 620.97 
4  16.00  0.00 26.00  0.00 84.00  0.00 94.00  0.00 647.97 
4  18.00  0.00 20.00  0.00 22.00  0.00 24.00  0.00 736.40 
4  18.00  0.00 20.00  0.00 32.00  0.00 34.00  0.00 571.29 
4  18.00  0.00 20.00  0.00 24.00  0.00 26.00  0.00 661.57 
4  18.00  0.00 20.00  0.00 26.00  0.00 28.00  0.00 602.47 
4  18.00  0.00 20.00  0.00 28.00  0.00 30.00  0.00 577.09 
4  18.00  0.00 20.00  0.00 30.00  0.00 32.00  0.00 611.68 
4  18.00  0.00 22.00  0.00 36.00  0.00 40.00  0.00 488.25 
4  18.00  0.00 22.00  0.00 40.00  0.00 44.00  0.00 375.38 
4  18.00  0.00 22.00  0.00 44.00  0.00 48.00  0.00 252.68 
4  18.00  0.00 22.00  0.00 48.00  0.00 38.00  0.00 366.33 
4  18.00  0.00 22.00  0.00 38.00  0.00 42.00  0.00 431.45 
4  18.00  0.00 22.00  0.00 42.00  0.00 46.00  0.00 294.65 
4  18.00  0.00 22.00  0.00 46.00  0.00 50.00  0.00 223.43 
4  18.00  0.00 24.00  0.00 50.00  0.00 56.00  0.00 107.63 
4  18.00  0.00 24.00  0.00 56.00  0.00 62.00  0.00 197.37 
4  18.00  0.00 24.00  0.00 62.00  0.00 52.00  0.00 137.03 
4  18.00  0.00 24.00  0.00 52.00  0.00 58.00  0.00 100.64 
4  18.00  0.00 24.00  0.00 58.00  0.00 64.00  0.00 244.45 
4  18.00  0.00 24.00  0.00 64.00  0.00 54.00  0.00 253.38 
4  18.00  0.00 24.00  0.00 54.00  0.00 60.00  0.00 243.31 
4  18.00  0.00 24.00  0.00 60.00  0.00 66.00  0.00 280.58 
4  18.00  0.00 26.00  0.00 64.00  0.00 72.00  0.00 328.30 
4  18.00  0.00 26.00  0.00 72.00  0.00 80.00  0.00 421.24 
4  18.00  0.00 26.00  0.00 80.00  0.00 66.00  0.00 378.55 
4  18.00  0.00 26.00  0.00 66.00  0.00 74.00  0.00 352.40 
4  18.00  0.00 26.00  0.00 74.00  0.00 82.00  0.00 424.37 
4  18.00  0.00 26.00  0.00 82.00  0.00 68.00  0.00 380.64 
4  18.00  0.00 26.00  0.00 68.00  0.00 76.00  0.00 378.64 
4  18.00  0.00 26.00  0.00 76.00  0.00 70.00  0.00 403.08 
4  18.00  0.00 26.00  0.00 70.00  0.00 78.00  0.00 393.21 
4  18.00  0.00 28.00  0.00 78.00  0.00 88.00  0.00 451.58 
4  18.00  0.00 28.00  0.00 88.00  0.00 80.00  0.00 459.62 
4  18.00  0.00 28.00  0.00 80.00  0.00 90.00  0.00 486.06 
4  18.00  0.00 28.00  0.00 90.00  0.00 82.00  0.00 518.06 
4  18.00  0.00 28.00  0.00 82.00  0.00 92.00  0.00 535.72 
4  18.00  0.00 28.00  0.00 92.00  0.00 84.00  0.00 562.09 
4  18.00  0.00 28.00  0.00 84.00  0.00 94.00  0.00 538.19 
4  20.00  0.00 22.00  0.00 24.00  0.00 26.00  0.00 520.91 
4  20.00  0.00 22.00  0.00 34.00  0.00 36.00  0.00 463.92 
4  20.00  0.00 22.00  0.00 26.00  0.00 28.00  0.00 435.17 
4  20.00  0.00 22.00  0.00 28.00  0.00 30.00  0.00 413.16 
4  20.00  0.00 22.00  0.00 30.00  0.00 32.00  0.00 444.09 
4  20.00  0.00 22.00  0.00 32.00  0.00 34.00  0.00 410.26 
4  20.00  0.00 24.00  0.00 38.00  0.00 42.00  0.00 391.90 
4  20.00  0.00 24.00  0.00 42.00  0.00 46.00  0.00 271.56 
4  20.00  0.00 24.00  0.00 46.00  0.00 50.00  0.00 203.09 
4  20.00  0.00 24.00  0.00 50.00  0.00 40.00  0.00 289.95 
4  20.00  0.00 24.00  0.00 40.00  0.00 44.00  0.00 348.58 
4  20.00  0.00 24.00  0.00 44.00  0.00 48.00  0.00 224.60 
4  20.00  0.00 24.00  0.00 48.00  0.00 52.00  0.00 164.07 
4  20.00  0.00 26.00  0.00 52.00  0.00 58.00  0.00 86.48 
4  20.00  0.00 26.00  0.00 58.00  0.00 64.00  0.00 206.07 
4  20.00  0.00 26.00  0.00 64.00  0.00 54.00  0.00 157.77 
4  20.00  0.00 26.00  0.00 54.00  0.00 60.00  0.00 124.21 
4  20.00  0.00 26.00  0.00 60.00  0.00 66.00  0.00 248.09 
4  20.00  0.00 26.00  0.00 66.00  0.00 56.00  0.00 202.21 
4  20.00  0.00 26.00  0.00 56.00  0.00 62.00  0.00 175.78 
4  20.00  0.00 26.00  0.00 62.00  0.00 68.00  0.00 282.82 
4  20.00  0.00 28.00  0.00 66.00  0.00 74.00  0.00 344.57 
4  20.00  0.00 28.00  0.00 74.00  0.00 82.00  0.00 391.83 
4  20.00  0.00 28.00  0.00 82.00  0.00 68.00  0.00 357.84 
4  20.00  0.00 28.00  0.00 68.00  0.00 76.00  0.00 354.24 
4  20.00  0.00 28.00  0.00 76.00  0.00 84.00  0.00 384.54 
4  20.00  0.00 28.00  0.00 84.00  0.00 70.00  0.00 383.08 
4  20.00  0.00 28.00  0.00 70.00  0.00 78.00  0.00 379.85 
4  20.00  0.00 28.00  0.00 78.00  0.00 72.00  0.00 409.71 
4  20.00  0.00 28.00  0.00 72.00  0.00 80.00  0.00 406.38 
4  20.00  0.00 30.00  0.00 80.00  0.00 90.00  0.00 466.00 
4  20.00  0.00 30.00  0.00 90.00  0.00 82.00  0.00 500.00 
4  20.00  0.00 30.00  0.00 82.00  0.00 92.00  0.00 511.83 
4  20.00  0.00 30.00  0.00 92.00  0.00 84.00  0.00 539.59 
4  20.00  0.00 30.00  0.00 84.00  0.00 94.00  0.00 538.02 
4  22.00  0.00 24.00  0.00 26.00  0.00 28.00  0.00 623.73 
4  22.00  0.00 24.00  0.00 36.00  0.00 38.00  0.00 480.81 
4  22.00  0.00 24.00  0.00 28.00  0.00 30.00  0.00 492.39 
4  22.00  0.00 24.00  0.00 30.00  0.00 32.00  0.00 496.50 
4  22.00  0.00 24.00  0.00 32.00  0.00 34.00  0.00 442.99 
4  22.00  0.00 24.00  0.00 34.00  0.00 36.00  0.00 483.31 
4  22.00  0.00 26.00  0.00 40.00  0.00 44.00  0.00 366.99 
4  22.00  0.00 26.00  0.00 44.00  0.00 48.00  0.00 237.91 
4  22.00  0.00 26.00  0.00 48.00  0.00 52.00  0.00 172.66 
4  22.00  0.00 26.00  0.00 52.00  0.00 42.00  0.00 247.58 
4  22.00  0.00 26.00  0.00 42.00  0.00 46.00  0.00 287.04 
4  22.00  0.00 26.00  0.00 46.00  0.00 50.00  0.00 210.86 
4  22.00  0.00 26.00  0.00 50.00  0.00 54.00  0.00 104.80 
4  22.00  0.00 28.00  0.00 54.00  0.00 60.00  0.00 135.61 
4  22.00  0.00 28.00  0.00 60.00  0.00 66.00  0.00 257.32 
4  22.00  0.00 28.00  0.00 66.00  0.00 56.00  0.00 211.41 
4  22.00  0.00 28.00  0.00 56.00  0.00 62.00  0.00 185.01 
4  22.00  0.00 28.00  0.00 62.00  0.00 68.00  0.00 306.95 
4  22.00  0.00 28.00  0.00 68.00  0.00 58.00  0.00 256.36 
4  22.00  0.00 28.00  0.00 58.00  0.00 64.00  0.00 226.27 
4  22.00  0.00 28.00  0.00 64.00  0.00 70.00  0.00 314.00 
4  22.00  0.00 30.00  0.00 68.00  0.00 76.00  0.00 364.59 
4  22.00  0.00 30.00  0.00 76.00  0.00 84.00  0.00 378.89 
4  22.00  0.00 30.00  0.00 84.00  0.00 70.00  0.00 385.25 
4  22.00  0.00 30.00  0.00 70.00  0.00 78.00  0.00 378.48 
4  22.00  0.00 30.00  0.00 78.00  0.00 86.00  0.00 412.70 
4  22.00  0.00 30.00  0.00 86.00  0.00 72.00  0.00 410.86 
4  22.00  0.00 30.00  0.00 72.00  0.00 80.00  0.00 411.03 
4  22.00  0.00 30.00  0.00 80.00  0.00 74.00  0.00 412.50 
4  22.00  0.00 30.00  0.00 74.00  0.00 82.00  0.00 401.52 
4  22.00  0.00 32.00  0.00 82.00  0.00 92.00  0.00 515.79 
4  22.00  0.00 32.00  0.00 92.00  0.00 84.00  0.00 542.54 
4  22.00  0.00 32.00  0.00 84.00  0.00 94.00  0.00 507.79 
4  24.00  0.00 26.00  0.00 28.00  0.00 30.00  0.00 837.04 
4  24.00  0.00 26.00  0.00 38.00  0.00 40.00  0.00 443.52 
4  24.00  0.00 26.00  0.00 30.00  0.00 32.00  0.00 686.63 
4  24.00  0.00 26.00  0.00 32.00  0.00 34.00  0.00 552.42 
4  24.00  0.00 26.00  0.00 34.00  0.00 36.00  0.00 563.75 
4  24.00  0.00 26.00  0.00 36.00  0.00 38.00  0.00 551.33 
4  24.00  0.00 28.00  0.00 42.00  0.00 46.00  0.00 352.07 
4  24.00  0.00 28.00  0.00 46.00  0.00 50.00  0.00 243.43 
4  24.00  0.00 28.00  0.00 50.00  0.00 54.00  0.00 218.02 
4  24.00  0.00 28.00  0.00 54.00  0.00 44.00  0.00 256.97 
4  24.00  0.00 28.00  0.00 44.00  0.00 48.00  0.00 288.03 
4  24.00  0.00 28.00  0.00 48.00  0.00 52.00  0.00 198.78 
4  24.00  0.00 28.00  0.00 52.00  0.00 56.00  0.00 87.00 
4  24.00  0.00 30.00  0.00 56.00  0.00 62.00  0.00 207.61 
4  24.00  0.00 30.00  0.00 62.00  0.00 68.00  0.00 312.58 
4  24.00  0.00 30.00  0.00 68.00  0.00 58.00  0.00 269.62 
4  24.00  0.00 30.00  0.00 58.00  0.00 64.00  0.00 239.38 
4  24.00  0.00 30.00  0.00 64.00  0.00 70.00  0.00 340.34 
4  24.00  0.00 30.00  0.00 70.00  0.00 60.00  0.00 307.51 
4  24.00  0.00 30.00  0.00 60.00  0.00 66.00  0.00 292.99 
4  24.00  0.00 30.00  0.00 66.00  0.00 72.00  0.00 321.16 
4  24.00  0.00 32.00  0.00 70.00  0.00 78.00  0.00 404.13 
4  24.00  0.00 32.00  0.00 78.00  0.00 86.00  0.00 389.69 
4  24.00  0.00 32.00  0.00 86.00  0.00 72.00  0.00 407.68 
4  24.00  0.00 32.00  0.00 72.00  0.00 80.00  0.00 404.49 
4  24.00  0.00 32.00  0.00 80.00  0.00 88.00  0.00 451.17 
4  24.00  0.00 32.00  0.00 88.00  0.00 74.00  0.00 427.33 
4  24.00  0.00 32.00  0.00 74.00  0.00 82.00  0.00 409.56 
4  24.00  0.00 32.00  0.00 82.00  0.00 76.00  0.00 384.05 
4  24.00  0.00 32.00  0.00 76.00  0.00 84.00  0.00 386.69 
4  24.00  0.00 34.00  0.00 84.00  0.00 94.00  0.00 610.70 
4  26.00  0.00 28.00  0.00 30.00  0.00 32.00  0.00 1327.83 
4  26.00  0.00 28.00  0.00 40.00  0.00 42.00  0.00 573.27 
4  26.00  0.00 28.00  0.00 32.00  0.00 34.00  0.00 997.05 
4  26.00  0.00 28.00  0.00 34.00  0.00 36.00  0.00 923.63 
4  26.00  0.00 28.00  0.00 36.00  0.00 38.00  0.00 886.45 
4  26.00  0.00 28.00  0.00 38.00  0.00 40.00  0.00 640.83 
4  26.00  0.00 30.00  0.00 44.00  0.00 48.00  0.00 350.41 
4  26.00  0.00 30.00  0.00 48.00  0.00 52.00  0.00 230.48 
4  26.00  0.00 30.00  0.00 52.00  0.00 56.00  0.00 106.55 
4  26.00  0.00 30.00  0.00 56.00  0.00 46.00  0.00 227.99 
4  26.00  0.00 30.00  0.00 46.00  0.00 50.00  0.00 292.29 
4  26.00  0.00 30.00  0.00 50.00  0.00 54.00  0.00 150.13 
4  26.00  0.00 30.00  0.00 54.00  0.00 58.00  0.00 147.90 
4  26.00  0.00 32.00  0.00 58.00  0.00 64.00  0.00 273.12 
4  26.00  0.00 32.00  0.00 64.00  0.00 70.00  0.00 340.89 
4  26.00  0.00 32.00  0.00 70.00  0.00 60.00  0.00 321.44 
4  26.00  0.00 32.00  0.00 60.00  0.00 66.00  0.00 304.66 
4  26.00  0.00 32.00  0.00 66.00  0.00 72.00  0.00 364.69 
4  26.00  0.00 32.00  0.00 72.00  0.00 62.00  0.00 346.35 
4  26.00  0.00 32.00  0.00 62.00  0.00 68.00  0.00 354.08 
4  26.00  0.00 32.00  0.00 68.00  0.00 74.00  0.00 355.13 
4  26.00  0.00 34.00  0.00 72.00  0.00 80.00  0.00 429.24 
4  26.00  0.00 34.00  0.00 80.00  0.00 88.00  0.00 429.40 
4  26.00  0.00 34.00  0.00 88.00  0.00 74.00  0.00 417.34 
4  26.00  0.00 34.00  0.00 74.00  0.00 82.00  0.00 390.11 
4  26.00  0.00 34.00  0.00 82.00  0.00 90.00  0.00 522.78 
4  26.00  0.00 34.00  0.00 90.00  0.00 76.00  0.00 439.27 
4  26.00  0.00 34.00  0.00 76.00  0.00 84.00  0.00 382.19 
4  26.00  0.00 34.00  0.00 84.00  0.00 78.00  0.00 392.95 
4  26.00  0.00 34.00  0.00 78.00  0.00 86.00  0.00 411.51 
4  28.00  0.00 30.00  0.00 42.00  0.00 44.00  0.00 522.23 
4  28.00  0.00 30.00  0.00 32.00  0.00 34.00  0.00 1259.16 
4  28.00  0.00 30.00  0.00 34.00  0.00 36.00  0.00 1153.99 
4  28.00  0.00 30.00  0.00 36.00  0.00 38.00  0.00 1134.90 
4  28.00  0.00 30.00  0.00 38.00  0.00 40.00  0.00 799.74 
4  28.00  0.00 30.00  0.00 40.00  0.00 42.00  0.00 698.36 
4  28.00  0.00 32.00  0.00 46.00  0.00 50.00  0.00 345.98 
4  28.00  0.00 32.00  0.00 50.00  0.00 54.00  0.00 172.23 
4  28.00  0.00 32.00  0.00 54.00  0.00 58.00  0.00 162.73 
4  28.00  0.00 32.00  0.00 58.00  0.00 48.00  0.00 213.29 
4  28.00  0.00 32.00  0.00 48.00  0.00 52.00  0.00 275.29 
4  28.00  0.00 32.00  0.00 52.00  0.00 56.00  0.00 109.68 
4  28.00  0.00 32.00  0.00 56.00  0.00 60.00  0.00 208.64 
4  28.00  0.00 34.00  0.00 60.00  0.00 66.00  0.00 333.93 
4  28.00  0.00 34.00  0.00 66.00  0.00 72.00  0.00 350.59 
4  28.00  0.00 34.00  0.00 72.00  0.00 62.00  0.00 349.71 
4  28.00  0.00 34.00  0.00 62.00  0.00 68.00  0.00 357.99 
4  28.00  0.00 34.00  0.00 68.00  0.00 74.00  0.00 377.01 
4  28.00  0.00 34.00  0.00 74.00  0.00 64.00  0.00 376.51 
4  28.00  0.00 34.00  0.00 64.00  0.00 70.00  0.00 366.32 
4  28.00  0.00 34.00  0.00 70.00  0.00 76.00  0.00 409.56 
4  28.00  0.00 36.00  0.00 74.00  0.00 82.00  0.00 407.09 
4  28.00  0.00 36.00  0.00 82.00  0.00 90.00  0.00 539.06 
4  28.00  0.00 36.00  0.00 90.00  0.00 76.00  0.00 448.93 
4  28.00  0.00 36.00  0.00 76.00  0.00 84.00  0.00 390.09 
4  28.00  0.00 36.00  0.00 84.00  0.00 92.00  0.00 565.57 
4  28.00  0.00 36.00  0.00 92.00  0.00 78.00  0.00 474.10 
4  28.00  0.00 36.00  0.00 78.00  0.00 86.00  0.00 411.10 
4  28.00  0.00 36.00  0.00 86.00  0.00 80.00  0.00 410.91 
4  28.00  0.00 36.00  0.00 80.00  0.00 88.00  0.00 445.51 
4  30.00  0.00 32.00  0.00 44.00  0.00 46.00  0.00 486.61 
4  30.00  0.00 32.00  0.00 34.00  0.00 36.00  0.00 1397.91 
4  30.00  0.00 32.00  0.00 36.00  0.00 38.00  0.00 1403.21 
4  30.00  0.00 32.00  0.00 38.00  0.00 40.00  0.00 993.16 
4  30.00  0.00 32.00  0.00 40.00  0.00 42.00  0.00 857.65 
4  30.00  0.00 32.00  0.00 42.00  0.00 44.00  0.00 641.69 
4  30.00  0.00 34.00  0.00 48.00  0.00 52.00  0.00 330.72 
4  30.00  0.00 34.00  0.00 52.00  0.00 56.00  0.00 129.85 
4  30.00  0.00 34.00  0.00 56.00  0.00 60.00  0.00 219.10 
4  30.00  0.00 34.00  0.00 60.00  0.00 50.00  0.00 202.27 
4  30.00  0.00 34.00  0.00 50.00  0.00 54.00  0.00 211.74 
4  30.00  0.00 34.00  0.00 54.00  0.00 58.00  0.00 171.25 
4  30.00  0.00 34.00  0.00 58.00  0.00 62.00  0.00 270.22 
4  30.00  0.00 36.00  0.00 62.00  0.00 68.00  0.00 405.69 
4  30.00  0.00 36.00  0.00 68.00  0.00 74.00  0.00 401.23 
4  30.00  0.00 36.00  0.00 74.00  0.00 64.00  0.00 409.40 
4  30.00  0.00 36.00  0.00 64.00  0.00 70.00  0.00 399.06 
4  30.00  0.00 36.00  0.00 70.00  0.00 76.00  0.00 449.83 
4  30.00  0.00 36.00  0.00 76.00  0.00 66.00  0.00 428.08 
4  30.00  0.00 36.00  0.00 66.00  0.00 72.00  0.00 398.01 
4  30.00  0.00 36.00  0.00 72.00  0.00 78.00  0.00 469.92 
4  30.00  0.00 38.00  0.00 76.00  0.00 84.00  0.00 396.73 
4  30.00  0.00 38.00  0.00 84.00  0.00 92.00  0.00 600.61 
4  30.00  0.00 38.00  0.00 92.00  0.00 78.00  0.00 492.99 
4  30.00  0.00 38.00  0.00 78.00  0.00 86.00  0.00 418.84 
4  30.00  0.00 38.00  0.00 86.00  0.00 94.00  0.00 653.08 
4  30.00  0.00 38.00  0.00 94.00  0.00 80.00  0.00 534.50 
4  30.00  0.00 38.00  0.00 80.00  0.00 88.00  0.00 466.62 
4  30.00  0.00 38.00  0.00 88.00  0.00 82.00  0.00 505.53 
4  30.00  0.00 38.00  0.00 82.00  0.00 90.00  0.00 547.38 
4  32.00  0.00 34.00  0.00 46.00  0.00 48.00  0.00 493.15 
4  32.00  0.00 34.00  0.00 36.00  0.00 38.00  0.00 1944.51 
4  32.00  0.00 34.00  0.00 38.00  0.00 40.00  0.00 1317.05 
4  32.00  0.00 34.00  0.00 40.00  0.00 42.00  0.00 1088.53 
4  32.00  0.00 34.00  0.00 42.00  0.00 44.00  0.00 802.78 
4  32.00  0.00 34.00  0.00 44.00  0.00 46.00  0.00 596.39 
4  32.00  0.00 36.00  0.00 50.00  0.00 54.00  0.00 268.63 
4  32.00  0.00 36.00  0.00 54.00  0.00 58.00  0.00 203.99 
4  32.00  0.00 36.00  0.00 58.00  0.00 62.00  0.00 296.08 
4  32.00  0.00 36.00  0.00 62.00  0.00 52.00  0.00 207.37 
4  32.00  0.00 36.00  0.00 52.00  0.00 56.00  0.00 158.90 
4  32.00  0.00 36.00  0.00 56.00  0.00 60.00  0.00 248.61 
4  32.00  0.00 36.00  0.00 60.00  0.00 64.00  0.00 367.52 
4  32.00  0.00 38.00  0.00 64.00  0.00 70.00  0.00 422.42 
4  32.00  0.00 38.00  0.00 70.00  0.00 76.00  0.00 468.51 
4  32.00  0.00 38.00  0.00 76.00  0.00 66.00  0.00 448.38 
4  32.00  0.00 38.00  0.00 66.00  0.00 72.00  0.00 415.75 
4  32.00  0.00 38.00  0.00 72.00  0.00 78.00  0.00 486.45 
4  32.00  0.00 38.00  0.00 78.00  0.00 68.00  0.00 432.34 
4  32.00  0.00 38.00  0.00 68.00  0.00 74.00  0.00 417.80 
4  32.00  0.00 38.00  0.00 74.00  0.00 80.00  0.00 443.85 
4  32.00  0.00 40.00  0.00 78.00  0.00 86.00  0.00 428.76 
4  32.00  0.00 40.00  0.00 86.00  0.00 94.00  0.00 645.11 
4  32.00  0.00 40.00  0.00 94.00  0.00 80.00  0.00 532.68 
4  32.00  0.00 40.00  0.00 80.00  0.00 88.00  0.00 465.45 
4  32.00  0.00 40.00  0.00 88.00  0.00 82.00  0.00 498.10 
4  32.00  0.00 40.00  0.00 82.00  0.00 90.00  0.00 540.52 
4  32.00  0.00 40.00  0.00 90.00  0.00 84.00  0.00 590.71 
4  32.00  0.00 40.00  0.00 84.00  0.00 92.00  0.00 605.38 
4  34.00  0.00 36.00  0.00 48.00  0.00 50.00  0.00 515.95 
4  34.00  0.00 36.00  0.00 38.00  0.00 40.00  0.00 1826.31 
4  34.00  0.00 36.00  0.00 40.00  0.00 42.00  0.00 1428.69 
4  34.00  0.00 36.00  0.00 42.00  0.00 44.00  0.00 1056.87 
4  34.00  0.00 36.00  0.00 44.00  0.00 46.00  0.00 775.95 
4  34.00  0.00 36.00  0.00 46.00  0.00 48.00  0.00 636.74 
4  34.00  0.00 38.00  0.00 52.00  0.00 56.00  0.00 180.48 
4  34.00  0.00 38.00  0.00 56.00  0.00 60.00  0.00 262.38 
4  34.00  0.00 38.00  0.00 60.00  0.00 64.00  0.00 396.58 
4  34.00  0.00 38.00  0.00 64.00  0.00 54.00  0.00 276.09 
4  34.00  0.00 38.00  0.00 54.00  0.00 58.00  0.00 219.32 
4  34.00  0.00 38.00  0.00 58.00  0.00 62.00  0.00 322.23 
4  34.00  0.00 38.00  0.00 62.00  0.00 66.00  0.00 428.91 
4  34.00  0.00 40.00  0.00 66.00  0.00 72.00  0.00 428.10 
4  34.00  0.00 40.00  0.00 72.00  0.00 78.00  0.00 486.92 
4  34.00  0.00 40.00  0.00 78.00  0.00 68.00  0.00 435.62 
4  34.00  0.00 40.00  0.00 68.00  0.00 74.00  0.00 421.00 
4  34.00  0.00 40.00  0.00 74.00  0.00 80.00  0.00 454.48 
4  34.00  0.00 40.00  0.00 80.00  0.00 70.00  0.00 454.60 
4  34.00  0.00 40.00  0.00 70.00  0.00 76.00  0.00 478.99 
4  34.00  0.00 40.00  0.00 76.00  0.00 82.00  0.00 393.72 
4  34.00  0.00 42.00  0.00 80.00  0.00 88.00  0.00 468.98 
4  34.00  0.00 42.00  0.00 88.00  0.00 82.00  0.00 506.79 
4  34.00  0.00 42.00  0.00 82.00  0.00 90.00  0.00 547.74 
4  34.00  0.00 42.00  0.00 90.00  0.00 84.00  0.00 602.54 
4  34.00  0.00 42.00  0.00 84.00  0.00 92.00  0.00 620.00 
4  34.00  0.00 42.00  0.00 92.00  0.00 86.00  0.00 663.55 
4  34.00  0.00 42.00  0.00 86.00  0.00 94.00  0.00 709.66 
4  36.00  0.00 38.00  0.00 50.00  0.00 52.00  0.00 448.35 
4  36.00  0.00 38.00  0.00 40.00  0.00 42.00  0.00 1766.11 
4  36.00  0.00 38.00  0.00 42.00  0.00 44.00  0.00 1197.41 
4  36.00  0.00 38.00  0.00 44.00  0.00 46.00  0.00 840.21 
4  36.00  0.00 38.00  0.00 46.00  0.00 48.00  0.00 676.18 
4  36.00  0.00 38.00  0.00 48.00  0.00 50.00  0.00 562.75 
4  36.00  0.00 40.00  0.00 54.00  0.00 58.00  0.00 219.98 
4  36.00  0.00 40.00  0.00 58.00  0.00 62.00  0.00 308.75 
4  36.00  0.00 40.00  0.00 62.00  0.00 66.00  0.00 433.80 
4  36.00  0.00 40.00  0.00 66.00  0.00 56.00  0.00 321.68 
4  36.00  0.00 40.00  0.00 56.00  0.00 60.00  0.00 265.02 
4  36.00  0.00 40.00  0.00 60.00  0.00 64.00  0.00 370.29 
4  36.00  0.00 40.00  0.00 64.00  0.00 68.00  0.00 458.58 
4  36.00  0.00 42.00  0.00 68.00  0.00 74.00  0.00 416.31 
4  36.00  0.00 42.00  0.00 74.00  0.00 80.00  0.00 403.42 
4  36.00  0.00 42.00  0.00 80.00  0.00 70.00  0.00 417.70 
4  36.00  0.00 42.00  0.00 70.00  0.00 76.00  0.00 433.25 
4  36.00  0.00 42.00  0.00 76.00  0.00 82.00  0.00 410.51 
4  36.00  0.00 42.00  0.00 82.00  0.00 72.00  0.00 457.03 
4  36.00  0.00 42.00  0.00 72.00  0.00 78.00  0.00 487.05 
4  36.00  0.00 42.00  0.00 78.00  0.00 84.00  0.00 353.24 
4  36.00  0.00 44.00  0.00 82.00  0.00 90.00  0.00 512.18 
4  36.00  0.00 44.00  0.00 90.00  0.00 84.00  0.00 573.49 
4  36.00  0.00 44.00  0.00 84.00  0.00 92.00  0.00 595.88 
4  36.00  0.00 44.00  0.00 92.00  0.00 86.00  0.00 647.44 
4  36.00  0.00 44.00  0.00 86.00  0.00 94.00  0.00 784.04 
4  38.00  0.00 40.00  0.00 52.00  0.00 54.00  0.00 182.66 
4  38.00  0.00 40.00  0.00 42.00  0.00 44.00  0.00 1404.72 
4  38.00  0.00 40.00  0.00 44.00  0.00 46.00  0.00 910.59 
4  38.00  0.00 40.00  0.00 46.00  0.00 48.00  0.00 694.18 
4  38.00  0.00 40.00  0.00 48.00  0.00 50.00  0.00 573.35 
4  38.00  0.00 40.00  0.00 50.00  0.00 52.00  0.00 460.59 
4  38.00  0.00 42.00  0.00 56.00  0.00 60.00  0.00 246.18 
4  38.00  0.00 42.00  0.00 60.00  0.00 64.00  0.00 356.32 
4  38.00  0.00 42.00  0.00 64.00  0.00 68.00  0.00 425.50 
4  38.00  0.00 42.00  0.00 68.00  0.00 58.00  0.00 346.52 
4  38.00  0.00 42.00  0.00 58.00  0.00 62.00  0.00 300.83 
4  38.00  0.00 42.00  0.00 62.00  0.00 66.00  0.00 385.67 
4  38.00  0.00 42.00  0.00 66.00  0.00 70.00  0.00 416.12 
4  38.00  0.00 44.00  0.00 70.00  0.00 76.00  0.00 408.89 
4  38.00  0.00 44.00  0.00 76.00  0.00 82.00  0.00 333.97 
4  38.00  0.00 44.00  0.00 82.00  0.00 72.00  0.00 391.57 
4  38.00  0.00 44.00  0.00 72.00  0.00 78.00  0.00 411.42 
4  38.00  0.00 44.00  0.00 78.00  0.00 84.00  0.00 359.53 
4  38.00  0.00 44.00  0.00 84.00  0.00 74.00  0.00 379.95 
4  38.00  0.00 44.00  0.00 74.00  0.00 80.00  0.00 392.68 
4  38.00  0.00 44.00  0.00 80.00  0.00 86.00  0.00 376.53 
4  38.00  0.00 46.00  0.00 84.00  0.00 92.00  0.00 520.06 
4  38.00  0.00 46.00  0.00 92.00  0.00 86.00  0.00 557.97 
4  38.00  0.00 46.00  0.00 86.00  0.00 94.00  0.00 622.25 
4  40.00  0.00 42.00  0.00 54.00  0.00 56.00  0.00 186.52 
4  40.00  0.00 42.00  0.00 44.00  0.00 46.00  0.00 1034.40 
4  40.00  0.00 42.00  0.00 46.00  0.00 48.00  0.00 661.51 
4  40.00  0.00 42.00  0.00 48.00  0.00 50.00  0.00 542.91 
4  40.00  0.00 42.00  0.00 50.00  0.00 52.00  0.00 446.51 
4  40.00  0.00 42.00  0.00 52.00  0.00 54.00  0.00 181.15 
4  40.00  0.00 44.00  0.00 58.00  0.00 62.00  0.00 259.76 
4  40.00  0.00 44.00  0.00 62.00  0.00 66.00  0.00 335.78 
4  40.00  0.00 44.00  0.00 66.00  0.00 70.00  0.00 364.68 
4  40.00  0.00 44.00  0.00 70.00  0.00 60.00  0.00 332.20 
4  40.00  0.00 44.00  0.00 60.00  0.00 64.00  0.00 316.67 
4  40.00  0.00 44.00  0.00 64.00  0.00 68.00  0.00 361.68 
4  40.00  0.00 44.00  0.00 68.00  0.00 72.00  0.00 322.16 
4  40.00  0.00 46.00  0.00 72.00  0.00 78.00  0.00 376.27 
4  40.00  0.00 46.00  0.00 78.00  0.00 84.00  0.00 302.59 
4  40.00  0.00 46.00  0.00 84.00  0.00 74.00  0.00 330.74 
4  40.00  0.00 46.00  0.00 74.00  0.00 80.00  0.00 336.50 
4  40.00  0.00 46.00  0.00 80.00  0.00 86.00  0.00 356.48 
4  40.00  0.00 46.00  0.00 86.00  0.00 76.00  0.00 331.64 
4  40.00  0.00 46.00  0.00 76.00  0.00 82.00  0.00 316.40 
4  40.00  0.00 46.00  0.00 82.00  0.00 88.00  0.00 373.75 
4  40.00  0.00 48.00  0.00 86.00  0.00 94.00  0.00 550.19 
4  42.00  0.00 44.00  0.00 56.00  0.00 58.00  0.00 186.98 
4  42.00  0.00 44.00  0.00 46.00  0.00 48.00  0.00 736.35 
4  42.00  0.00 44.00  0.00 48.00  0.00 50.00  0.00 502.10 
4  42.00  0.00 44.00  0.00 50.00  0.00 52.00  0.00 416.23 
4  42.00  0.00 44.00  0.00 52.00  0.00 54.00  0.00 166.19 
4  42.00  0.00 44.00  0.00 54.00  0.00 56.00  0.00 153.78 
4  42.00  0.00 46.00  0.00 60.00  0.00 64.00  0.00 272.89 
4  42.00  0.00 46.00  0.00 64.00  0.00 68.00  0.00 315.21 
4  42.00  0.00 46.00  0.00 68.00  0.00 72.00  0.00 275.66 
4  42.00  0.00 46.00  0.00 72.00  0.00 62.00  0.00 299.87 
4  42.00  0.00 46.00  0.00 62.00  0.00 66.00  0.00 298.56 
4  42.00  0.00 46.00  0.00 66.00  0.00 70.00  0.00 307.82 
4  42.00  0.00 46.00  0.00 70.00  0.00 74.00  0.00 317.17 
4  42.00  0.00 48.00  0.00 74.00  0.00 80.00  0.00 318.34 
4  42.00  0.00 48.00  0.00 80.00  0.00 86.00  0.00 310.97 
4  42.00  0.00 48.00  0.00 86.00  0.00 76.00  0.00 295.08 
4  42.00  0.00 48.00  0.00 76.00  0.00 82.00  0.00 277.85 
4  42.00  0.00 48.00  0.00 82.00  0.00 88.00  0.00 360.26 
4  42.00  0.00 48.00  0.00 88.00  0.00 78.00  0.00 322.42 
4  42.00  0.00 48.00  0.00 78.00  0.00 84.00  0.00 292.55 
4  42.00  0.00 48.00  0.00 84.00  0.00 90.00  0.00 416.88 
4  44.00  0.00 46.00  0.00 58.00  0.00 60.00  0.00 198.02 
4  44.00  0.00 46.00  0.00 48.00  0.00 50.00  0.00 529.08 
4  44.00  0.00 46.00  0.00 50.00  0.00 52.00  0.00 423.66 
4  44.00  0.00 46.00  0.00 52.00  0.00 54.00  0.00 175.92 
4  44.00  0.00 46.00  0.00 54.00  0.00 56.00  0.00 143.01 
4  44.00  0.00 46.00  0.00 56.00  0.00 58.00  0.00 173.33 
4  44.00  0.00 48.00  0.00 62.00  0.00 66.00  0.00 285.85 
4  44.00  0.00 48.00  0.00 66.00  0.00 70.00  0.00 297.21 
4  44.00  0.00 48.00  0.00 70.00  0.00 74.00  0.00 299.23 
4  44.00  0.00 48.00  0.00 74.00  0.00 64.00  0.00 295.14 
4  44.00  0.00 48.00  0.00 64.00  0.00 68.00  0.00 306.55 
4  44.00  0.00 48.00  0.00 68.00  0.00 72.00  0.00 258.03 
4  44.00  0.00 48.00  0.00 72.00  0.00 76.00  0.00 347.88 
4  44.00  0.00 50.00  0.00 76.00  0.00 82.00  0.00 271.05 
4  44.00  0.00 50.00  0.00 82.00  0.00 88.00  0.00 332.16 
4  44.00  0.00 50.00  0.00 88.00  0.00 78.00  0.00 301.16 
4  44.00  0.00 50.00  0.00 78.00  0.00 84.00  0.00 272.92 
4  44.00  0.00 50.00  0.00 84.00  0.00 90.00  0.00 404.62 
4  44.00  0.00 50.00  0.00 90.00  0.00 80.00  0.00 342.40 
4  44.00  0.00 50.00  0.00 80.00  0.00 86.00  0.00 304.10 
4  44.00  0.00 50.00  0.00 86.00  0.00 92.00  0.00 421.26 
4  46.00  0.00 48.00  0.00 60.00  0.00 62.00  0.00 244.65 
4  46.00  0.00 48.00  0.00 50.00  0.00 52.00  0.00 495.43 
4  46.00  0.00 48.00  0.00 52.00  0.00 54.00  0.00 202.70 
4  46.00  0.00 48.00  0.00 54.00  0.00 56.00  0.00 149.09 
4  46.00  0.00 48.00  0.00 56.00  0.00 58.00  0.00 171.47 
4  46.00  0.00 48.00  0.00 58.00  0.00 60.00  0.00 193.54 
4  46.00  0.00 50.00  0.00 64.00  0.00 68.00  0.00 297.42 
4  46.00  0.00 50.00  0.00 68.00  0.00 72.00  0.00 251.46 
4  46.00  0.00 50.00  0.00 72.00  0.00 76.00  0.00 333.68 
4  46.00  0.00 50.00  0.00 76.00  0.00 66.00  0.00 297.42 
4  46.00  0.00 50.00  0.00 66.00  0.00 70.00  0.00 295.63 
4  46.00  0.00 50.00  0.00 70.00  0.00 74.00  0.00 281.75 
4  46.00  0.00 50.00  0.00 74.00  0.00 78.00  0.00 309.66 
4  46.00  0.00 52.00  0.00 78.00  0.00 84.00  0.00 262.79 
4  46.00  0.00 52.00  0.00 84.00  0.00 90.00  0.00 381.13 
4  46.00  0.00 52.00  0.00 90.00  0.00 80.00  0.00 323.31 
4  46.00  0.00 52.00  0.00 80.00  0.00 86.00  0.00 288.93 
4  46.00  0.00 52.00  0.00 86.00  0.00 92.00  0.00 397.01 
4  46.00  0.00 52.00  0.00 92.00  0.00 82.00  0.00 352.11 
4  46.00  0.00 52.00  0.00 82.00  0.00 88.00  0.00 321.91 
4  46.00  0.00 52.00  0.00 88.00  0.00 94.00  0.00 402.29 
4  48.00  0.00 50.00  0.00 62.00  0.00 64.00  0.00 270.71 
4  48.00  0.00 50.00  0.00 52.00  0.00 54.00  0.00 311.74 
4  48.00  0.00 50.00  0.00 54.00  0.00 56.00  0.00 157.68 
4  48.00  0.00 50.00  0.00 56.00  0.00 58.00  0.00 169.39 
4  48.00  0.00 50.00  0.00 58.00  0.00 60.00  0.00 181.41 
4  48.00  0.00 50.00  0.00 60.00  0.00 62.00  0.00 230.20 
4  48.00  0.00 52.00  0.00 66.00  0.00 70.00  0.00 283.61 
4  48.00  0.00 52.00  0.00 70.00  0.00 74.00  0.00 272.00 
4  48.00  0.00 52.00  0.00 74.00  0.00 78.00  0.00 284.16 
4  48.00  0.00 52.00  0.00 78.00  0.00 68.00  0.00 264.41 
4  48.00  0.00 52.00  0.00 68.00  0.00 72.00  0.00 241.69 
4  48.00  0.00 52.00  0.00 72.00  0.00 76.00  0.00 315.23 
4  48.00  0.00 52.00  0.00 76.00  0.00 80.00  0.00 244.80 
4  48.00  0.00 54.00  0.00 80.00  0.00 86.00  0.00 249.54 
4  48.00  0.00 54.00  0.00 86.00  0.00 92.00  0.00 354.55 
4  48.00  0.00 54.00  0.00 92.00  0.00 82.00  0.00 311.45 
4  48.00  0.00 54.00  0.00 82.00  0.00 88.00  0.00 283.32 
4  48.00  0.00 54.00  0.00 88.00  0.00 94.00  0.00 369.21 
4  48.00  0.00 54.00  0.00 94.00  0.00 84.00  0.00 336.61 
4  48.00  0.00 54.00  0.00 84.00  0.00 90.00  0.00 328.20 
4  50.00  0.00 52.00  0.00 64.00  0.00 66.00  0.00 253.08 
4  50.00  0.00 52.00  0.00 54.00  0.00 56.00  0.00 251.29 
4  50.00  0.00 52.00  0.00 56.00  0.00 58.00  0.00 173.64 
4  50.00  0.00 52.00  0.00 58.00  0.00 60.00  0.00 174.09 
4  50.00  0.00 52.00  0.00 60.00  0.00 62.00  0.00 218.55 
4  50.00  0.00 52.00  0.00 62.00  0.00 64.00  0.00 257.71 
4  50.00  0.00 54.00  0.00 68.00  0.00 72.00  0.00 213.56 
4  50.00  0.00 54.00  0.00 72.00  0.00 76.00  0.00 267.20 
4  50.00  0.00 54.00  0.00 76.00  0.00 80.00  0.00 211.52 
4  50.00  0.00 54.00  0.00 80.00  0.00 70.00  0.00 235.41 
4  50.00  0.00 54.00  0.00 70.00  0.00 74.00  0.00 232.10 
4  50.00  0.00 54.00  0.00 74.00  0.00 78.00  0.00 246.74 
4  50.00  0.00 54.00  0.00 78.00  0.00 82.00  0.00 210.76 
4  50.00  0.00 56.00  0.00 82.00  0.00 88.00  0.00 386.24 
4  50.00  0.00 56.00  0.00 88.00  0.00 94.00  0.00 788.03 
4  50.00  0.00 56.00  0.00 94.00  0.00 84.00  0.00 602.90 
4  50.00  0.00 56.00  0.00 84.00  0.00 90.00  0.00 455.11 
4  50.00  0.00 56.00  0.00 90.00  0.00 86.00  0.00 489.22 
4  50.00  0.00 56.00  0.00 86.00  0.00 92.00  0.00 524.59 
4  52.00  0.00 54.00  0.00 66.00  0.00 68.00  0.00 262.79 
4  52.00  0.00 54.00  0.00 56.00  0.00 58.00  0.00 461.77 
4  52.00  0.00 54.00  0.00 58.00  0.00 60.00  0.00 206.87 
4  52.00  0.00 54.00  0.00 60.00  0.00 62.00  0.00 202.02 
4  52.00  0.00 54.00  0.00 62.00  0.00 64.00  0.00 219.99 
4  52.00  0.00 54.00  0.00 64.00  0.00 66.00  0.00 224.83 
4  52.00  0.00 56.00  0.00 70.00  0.00 74.00  0.00 384.79 
4  52.00  0.00 56.00  0.00 74.00  0.00 78.00  0.00 383.06 
4  52.00  0.00 56.00  0.00 78.00  0.00 82.00  0.00 345.68 
4  52.00  0.00 56.00  0.00 82.00  0.00 72.00  0.00 390.76 
4  52.00  0.00 56.00  0.00 72.00  0.00 76.00  0.00 436.17 
4  52.00  0.00 56.00  0.00 76.00  0.00 80.00  0.00 319.02 
4  52.00  0.00 56.00  0.00 80.00  0.00 84.00  0.00 351.41 
4  52.00  0.00 58.00  0.00 84.00  0.00 90.00  0.00 601.42 
4  52.00  0.00 58.00  0.00 90.00  0.00 86.00  0.00 654.58 
4  52.00  0.00 58.00  0.00 86.00  0.00 92.00  0.00 678.65 
4  52.00  0.00 58.00  0.00 92.00  0.00 88.00  0.00 742.90 
4  52.00  0.00 58.00  0.00 88.00  0.00 94.00  0.00 927.09 
4  54.00  0.00 56.00  0.00 68.00  0.00 70.00  0.00 463.88 
4  54.00  0.00 56.00  0.00 58.00  0.00 60.00  0.00 679.83 
4  54.00  0.00 56.00  0.00 60.00  0.00 62.00  0.00 459.41 
4  54.00  0.00 56.00  0.00 62.00  0.00 64.00  0.00 491.40 
4  54.00  0.00 56.00  0.00 64.00  0.00 66.00  0.00 486.56 
4  54.00  0.00 56.00  0.00 66.00  0.00 68.00  0.00 592.38 
4  54.00  0.00 58.00  0.00 72.00  0.00 76.00  0.00 608.76 
4  54.00  0.00 58.00  0.00 76.00  0.00 80.00  0.00 466.88 
4  54.00  0.00 58.00  0.00 80.00  0.00 84.00  0.00 493.84 
4  54.00  0.00 58.00  0.00 84.00  0.00 74.00  0.00 527.66 
4  54.00  0.00 58.00  0.00 74.00  0.00 78.00  0.00 561.39 
4  54.00  0.00 58.00  0.00 78.00  0.00 82.00  0.00 466.20 
4  54.00  0.00 58.00  0.00 82.00  0.00 86.00  0.00 575.52 
4  54.00  0.00 60.00  0.00 86.00  0.00 92.00  0.00 840.79 
4  54.00  0.00 60.00  0.00 92.00  0.00 88.00  0.00 907.28 
4  54.00  0.00 60.00  0.00 88.00  0.00 94.00  0.00 988.04 
4  56.00  0.00 58.00  0.00 70.00  0.00 72.00  0.00 501.19 
4  56.00  0.00 58.00  0.00 60.00  0.00 62.00  0.00 932.13 
4  56.00  0.00 58.00  0.00 62.00  0.00 64.00  0.00 605.50 
4  56.00  0.00 58.00  0.00 64.00  0.00 66.00  0.00 515.29 
4  56.00  0.00 58.00  0.00 66.00  0.00 68.00  0.00 615.29 
4  56.00  0.00 58.00  0.00 68.00  0.00 70.00  0.00 488.28 
4  56.00  0.00 60.00  0.00 74.00  0.00 78.00  0.00 606.08 
4  56.00  0.00 60.00  0.00 78.00  0.00 82.00  0.00 519.36 
4  56.00  0.00 60.00  0.00 82.00  0.00 86.00  0.00 628.79 
4  56.00  0.00 60.00  0.00 86.00  0.00 76.00  0.00 542.20 
4  56.00  0.00 60.00  0.00 76.00  0.00 80.00  0.00 514.91 
4  56.00  0.00 60.00  0.00 80.00  0.00 84.00  0.00 539.59 
4  56.00  0.00 60.00  0.00 84.00  0.00 88.00  0.00 724.65 
4  56.00  0.00 62.00  0.00 88.00  0.00 94.00  0.00 858.49 
4  58.00  0.00 60.00  0.00 72.00  0.00 74.00  0.00 642.89 
4  58.00  0.00 60.00  0.00 62.00  0.00 64.00  0.00 1416.01 
4  58.00  0.00 60.00  0.00 64.00  0.00 66.00  0.00 740.53 
4  58.00  0.00 60.00  0.00 66.00  0.00 68.00  0.00 705.86 
4  58.00  0.00 60.00  0.00 68.00  0.00 70.00  0.00 532.27 
4  58.00  0.00 60.00  0.00 70.00  0.00 72.00  0.00 534.56 
4  58.00  0.00 62.00  0.00 76.00  0.00 80.00  0.00 573.16 
4  58.00  0.00 62.00  0.00 80.00  0.00 84.00  0.00 610.51 
4  58.00  0.00 62.00  0.00 84.00  0.00 88.00  0.00 824.78 
4  58.00  0.00 62.00  0.00 88.00  0.00 78.00  0.00 657.56 
4  58.00  0.00 62.00  0.00 78.00  0.00 82.00  0.00 582.05 
4  58.00  0.00 62.00  0.00 82.00  0.00 86.00  0.00 716.08 
4  58.00  0.00 62.00  0.00 86.00  0.00 90.00  0.00 959.61 
4  60.00  0.00 62.00  0.00 64.00  0.00 66.00  0.00 1584.58 
4  60.00  0.00 62.00  0.00 66.00  0.00 68.00  0.00 1084.45 
4  60.00  0.00 62.00  0.00 68.00  0.00 70.00  0.00 706.63 
4  60.00  0.00 62.00  0.00 70.00  0.00 72.00  0.00 648.71 
4  60.00  0.00 62.00  0.00 72.00  0.00 74.00  0.00 715.08 
4  60.00  0.00 62.00  0.00 74.00  0.00 76.00  0.00 780.67 
4  60.00  0.00 64.00  0.00 78.00  0.00 82.00  0.00 635.49 
4  60.00  0.00 64.00  0.00 82.00  0.00 86.00  0.00 770.17 
4  60.00  0.00 64.00  0.00 86.00  0.00 90.00  0.00 1058.29 
4  60.00  0.00 64.00  0.00 90.00  0.00 80.00  0.00 797.65 
4  60.00  0.00 64.00  0.00 80.00  0.00 84.00  0.00 663.59 
4  60.00  0.00 64.00  0.00 84.00  0.00 88.00  0.00 899.60 
4  60.00  0.00 64.00  0.00 88.00  0.00 92.00  0.00 1151.31 
4  62.00  0.00 64.00  0.00 66.00  0.00 68.00  0.00 1522.32 
4  62.00  0.00 64.00  0.00 68.00  0.00 70.00  0.00 862.20 
4  62.00  0.00 64.00  0.00 70.00  0.00 72.00  0.00 733.90 
4  62.00  0.00 64.00  0.00 72.00  0.00 74.00  0.00 720.14 
4  62.00  0.00 64.00  0.00 74.00  0.00 76.00  0.00 806.10 
4  62.00  0.00 64.00  0.00 76.00  0.00 78.00  0.00 601.41 
4  62.00  0.00 66.00  0.00 80.00  0.00 84.00  0.00 653.23 
4  62.00  0.00 66.00  0.00 84.00  0.00 88.00  0.00 894.85 
4  62.00  0.00 66.00  0.00 88.00  0.00 92.00  0.00 1148.19 
4  62.00  0.00 66.00  0.00 92.00  0.00 82.00  0.00 897.54 
4  62.00  0.00 66.00  0.00 82.00  0.00 86.00  0.00 769.94 
4  62.00  0.00 66.00  0.00 86.00  0.00 90.00  0.00 1044.21 
4  62.00  0.00 66.00  0.00 90.00  0.00 94.00  0.00 1081.60 
4  64.00  0.00 66.00  0.00 68.00  0.00 70.00  0.00 1211.25 
4  64.00  0.00 66.00  0.00 70.00  0.00 72.00  0.00 883.92 
4  64.00  0.00 66.00  0.00 72.00  0.00 74.00  0.00 728.63 
4  64.00  0.00 66.00  0.00 74.00  0.00 76.00  0.00 788.52 
4  64.00  0.00 66.00  0.00 76.00  0.00 78.00  0.00 585.43 
4  64.00  0.00 66.00  0.00 78.00  0.00 80.00  0.00 610.47 
4  64.00  0.00 68.00  0.00 82.00  0.00 86.00  0.00 793.29 
4  64.00  0.00 68.00  0.00 86.00  0.00 90.00  0.00 1089.60 
4  64.00  0.00 68.00  0.00 90.00  0.00 94.00  0.00 1154.70 
4  64.00  0.00 68.00  0.00 94.00  0.00 84.00  0.00 1041.09 
4  64.00  0.00 68.00  0.00 84.00  0.00 88.00  0.00 932.93 
4  64.00  0.00 68.00  0.00 88.00  0.00 92.00  0.00 1193.97 
4  66.00  0.00 68.00  0.00 70.00  0.00 72.00  0.00 1318.85 
4  66.00  0.00 68.00  0.00 72.00  0.00 74.00  0.00 848.10 
4  66.00  0.00 68.00  0.00 74.00  0.00 76.00  0.00 899.40 
4  66.00  0.00 68.00  0.00 76.00  0.00 78.00  0.00 651.57 
4  66.00  0.00 68.00  0.00 78.00  0.00 80.00  0.00 663.30 
4  66.00  0.00 68.00  0.00 80.00  0.00 82.00  0.00 653.83 
4  66.00  0.00 70.00  0.00 84.00  0.00 88.00  0.00 829.95 
4  66.00  0.00 70.00  0.00 88.00  0.00 92.00  0.00 1075.33 
4  66.00  0.00 70.00  0.00 92.00  0.00 86.00  0.00 994.35 
4  66.00  0.00 70.00  0.00 86.00  0.00 90.00  0.00 975.39 
4  66.00  0.00 70.00  0.00 90.00  0.00 94.00  0.00 1063.72 
4  68.00  0.00 70.00  0.00 72.00  0.00 74.00  0.00 886.28 
4  68.00  0.00 70.00  0.00 74.00  0.00 76.00  0.00 810.00 
4  68.00  0.00 70.00  0.00 76.00  0.00 78.00  0.00 543.48 
4  68.00  0.00 70.00  0.00 78.00  0.00 80.00  0.00 500.45 
4  68.00  0.00 70.00  0.00 80.00  0.00 82.00  0.00 490.77 
4  68.00  0.00 70.00  0.00 82.00  0.00 84.00  0.00 559.42 
4  68.00  0.00 72.00  0.00 86.00  0.00 90.00  0.00 871.57 
4  68.00  0.00 72.00  0.00 90.00  0.00 94.00  0.00 926.11 
4  68.00  0.00 72.00  0.00 94.00  0.00 88.00  0.00 949.38 
4  68.00  0.00 72.00  0.00 88.00  0.00 92.00  0.00 958.63 
4  70.00  0.00 72.00  0.00 74.00  0.00 76.00  0.00 1206.14 
4  70.00  0.00 72.00  0.00 76.00  0.00 78.00  0.00 672.95 
4  70.00  0.00 72.00  0.00 78.00  0.00 80.00  0.00 542.46 
4  70.00  0.00 72.00  0.00 80.00  0.00 82.00  0.00 513.68 
4  70.00  0.00 72.00  0.00 82.00  0.00 84.00  0.00 579.08 
4  70.00  0.00 72.00  0.00 84.00  0.00 86.00  0.00 704.05 
4  70.00  0.00 74.00  0.00 88.00  0.00 92.00  0.00 1139.45 
4  70.00  0.00 74.00  0.00 92.00  0.00 90.00  0.00 1109.51 
4  70.00  0.00 74.00  0.00 90.00  0.00 94.00  0.00 1107.36 
4  72.00  0.00 74.00  0.00 76.00  0.00 78.00  0.00 1267.87 
4  72.00  0.00 74.00  0.00 78.00  0.00 80.00  0.00 815.06 
4  72.00  0.00 74.00  0.00 80.00  0.00 82.00  0.00 710.44 
4  72.00  0.00 74.00  0.00 82.00  0.00 84.00  0.00 761.45 
4  72.00  0.00 74.00  0.00 84.00  0.00 86.00  0.00 918.43 
4  72.00  0.00 74.00  0.00 86.00  0.00 88.00  0.00 1038.40 
4  72.00  0.00 76.00  0.00 90.00  0.00 94.00  0.00 1180.41 
4  74.00  0.00 76.00  0.00 78.00  0.00 80.00  0.00 861.56 
4  74.00  0.00 76.00  0.00 80.00  0.00 82.00  0.00 692.54 
4  74.00  0.00 76.00  0.00 82.00  0.00 84.00  0.00 722.79 
4  74.00  0.00 76.00  0.00 84.00  0.00 86.00  0.00 865.18 
4  74.00  0.00 76.00  0.00 86.00  0.00 88.00  0.00 994.41 
4  74.00  0.00 76.00  0.00 88.00  0.00 90.00  0.00 1240.08 
4  76.00  0.00 78.00  0.00 80.00  0.00 82.00  0.00 713.49 
4  76.00  0.00 78.00  0.00 82.00  0.00 84.00  0.00 600.40 
4  76.00  0.00 78.00  0.00 84.00  0.00 86.00  0.00 658.28 
4  76.00  0.00 78.00  0.00 86.00  0.00 88.00  0.00 712.00 
4  76.00  0.00 78.00  0.00 88.00  0.00 90.00  0.00 869.26 
4  76.00  0.00 78.00  0.00 90.00  0.00 92.00  0.00 820.50 
4  78.00  0.00 80.00  0.00 82.00  0.00 84.00  0.00 832.33 
4  78.00  0.00 80.00  0.00 84.00  0.00 86.00  0.00 746.87 
4  78.00  0.00 80.00  0.00 86.00  0.00 88.00  0.00 754.78 
4  78.00  0.00 80.00  0.00 88.00  0.00 90.00  0.00 874.56 
4  78.00  0.00 80.00  0.00 90.00  0.00 92.00  0.00 836.96 
4  78.00  0.00 80.00  0.00 92.00  0.00 94.00  0.00 803.83 
4  80.00  0.00 82.00  0.00 84.00  0.00 86.00  0.00 1030.33 
4  80.00  0.00 82.00  0.00 86.00  0.00 88.00  0.00 841.33 
4  80.00  0.00 82.00  0.00 88.00  0.00 90.00  0.00 839.59 
4  80.00  0.00 82.00  0.00 90.00  0.00 92.00  0.00 775.75 
4  80.00  0.00 82.00  0.00 92.00  0.00 94.00  0.00 736.82 
4  82.00  0.00 84.00  0.00 86.00  0.00 88.00  0.00 1574.43 
4  82.00  0.00 84.00  0.00 88.00  0.00 90.00  0.00 1230.52 
4  82.00  0.00 84.00  0.00 90.00  0.00 92.00  0.00 1011.48 
4  82.00  0.00 84.00  0.00 92.00  0.00 94.00  0.00 930.04 
4  84.00  0.00 86.00  0.00 88.00  0.00 90.00  0.00 2081.34 
4  84.00  0.00 86.00  0.00 90.00  0.00 92.00  0.00 1276.37 
4  84.00  0.00 86.00  0.00 92.00  0.00 94.00  0.00 1091.37 
4  86.00  0.00 88.00  0.00 90.00  0.00 92.00  0.00 2501.65 
4  86.00  0.00 88.00  0.00 92.00  0.00 94.00  0.00 1569.45 
4  88.00  0.00 90.00  0.00 92.00  0.00 94.00  0.00 2062.34 
Topography in separate list
2
48
0.00,663.18
2.00,663.44
4.00,663.69
6.00,663.91
8.00,664.27
10.00,664.46
12.00,664.54
14.00,664.55
16.00,664.58
18.00,664.56
20.00,664.56
22.00,664.61
24.00,664.64
26.00,664.74
28.00,664.86
30.00,664.95
32.00,665.15
34.00,665.37
36.00,665.65
38.00,665.79
40.00,665.94
42.00,666.13
44.00,666.31
46.00,666.49
48.00,666.62
50.00,666.76
52.00,667.11
54.00,667.28
56.00,667.43
58.00,667.64
60.00,667.79
62.00,668.01
64.00,668.16
66.00,668.35
68.00,668.45
70.00,668.72
72.00,668.92
74.00,669.18
76.00,669.46
78.00,669.64
80.00,669.86
82.00,670.06
84.00,670.20
86.00,670.32
88.00,670.51
90.00,670.59
92.00,670.87
94.00,670.95
1
0
0
0
0
