G1WE48E2.bin
         2.00
11
1
Type of measurement (0=app. resistivity,1=resistance)
0
360
 2
0
4  0.00  0.00 90.00  0.00 30.00  0.00 60.00  0.00 605.96 
4  0.00  0.00 84.00  0.00 28.00  0.00 56.00  0.00 578.68 
4  0.00  0.00 78.00  0.00 26.00  0.00 52.00  0.00 588.71 
4  0.00  0.00 72.00  0.00 24.00  0.00 48.00  0.00 619.18 
4  0.00  0.00 66.00  0.00 22.00  0.00 44.00  0.00 648.50 
4  0.00  0.00 60.00  0.00 20.00  0.00 40.00  0.00 651.10 
4  0.00  0.00 54.00  0.00 18.00  0.00 36.00  0.00 648.56 
4  0.00  0.00 48.00  0.00 16.00  0.00 32.00  0.00 682.51 
4  0.00  0.00 42.00  0.00 14.00  0.00 28.00  0.00 717.71 
4  0.00  0.00 36.00  0.00 12.00  0.00 24.00  0.00 916.51 
4  0.00  0.00 30.00  0.00 10.00  0.00 20.00  0.00 1290.51 
4  0.00  0.00 24.00  0.00 8.00  0.00 16.00  0.00 1731.16 
4  0.00  0.00 18.00  0.00 6.00  0.00 12.00  0.00 2955.07 
4  0.00  0.00 12.00  0.00 4.00  0.00 8.00  0.00 6410.61 
4  0.00  0.00 6.00  0.00 2.00  0.00 4.00  0.00 13780.05 
4  2.00  0.00 92.00  0.00 32.00  0.00 62.00  0.00 626.63 
4  2.00  0.00 86.00  0.00 30.00  0.00 58.00  0.00 595.66 
4  2.00  0.00 80.00  0.00 28.00  0.00 54.00  0.00 568.46 
4  2.00  0.00 74.00  0.00 26.00  0.00 50.00  0.00 612.79 
4  2.00  0.00 68.00  0.00 24.00  0.00 46.00  0.00 631.23 
4  2.00  0.00 62.00  0.00 22.00  0.00 42.00  0.00 664.61 
4  2.00  0.00 56.00  0.00 20.00  0.00 38.00  0.00 641.39 
4  2.00  0.00 50.00  0.00 18.00  0.00 34.00  0.00 647.86 
4  2.00  0.00 44.00  0.00 16.00  0.00 30.00  0.00 734.24 
4  2.00  0.00 38.00  0.00 14.00  0.00 26.00  0.00 827.20 
4  2.00  0.00 32.00  0.00 12.00  0.00 22.00  0.00 1166.91 
4  2.00  0.00 26.00  0.00 10.00  0.00 18.00  0.00 1795.79 
4  2.00  0.00 20.00  0.00 8.00  0.00 14.00  0.00 2829.79 
4  2.00  0.00 14.00  0.00 6.00  0.00 10.00  0.00 5476.80 
4  2.00  0.00 8.00  0.00 4.00  0.00 6.00  0.00 10883.17 
4  4.00  0.00 94.00  0.00 34.00  0.00 64.00  0.00 656.67 
4  4.00  0.00 88.00  0.00 32.00  0.00 60.00  0.00 608.90 
4  4.00  0.00 82.00  0.00 30.00  0.00 56.00  0.00 576.84 
4  4.00  0.00 76.00  0.00 28.00  0.00 52.00  0.00 587.09 
4  4.00  0.00 70.00  0.00 26.00  0.00 48.00  0.00 631.83 
4  4.00  0.00 64.00  0.00 24.00  0.00 44.00  0.00 655.48 
4  4.00  0.00 58.00  0.00 22.00  0.00 40.00  0.00 673.17 
4  4.00  0.00 52.00  0.00 20.00  0.00 36.00  0.00 616.60 
4  4.00  0.00 46.00  0.00 18.00  0.00 32.00  0.00 690.49 
4  4.00  0.00 40.00  0.00 16.00  0.00 28.00  0.00 841.46 
4  4.00  0.00 34.00  0.00 14.00  0.00 24.00  0.00 1046.47 
4  4.00  0.00 28.00  0.00 12.00  0.00 20.00  0.00 1699.23 
4  4.00  0.00 22.00  0.00 10.00  0.00 16.00  0.00 2894.28 
4  4.00  0.00 16.00  0.00 8.00  0.00 12.00  0.00 5323.40 
4  4.00  0.00 10.00  0.00 6.00  0.00 8.00  0.00 10109.53 
4  6.00  0.00 90.00  0.00 34.00  0.00 62.00  0.00 627.54 
4  6.00  0.00 84.00  0.00 32.00  0.00 58.00  0.00 583.62 
4  6.00  0.00 78.00  0.00 30.00  0.00 54.00  0.00 558.68 
4  6.00  0.00 72.00  0.00 28.00  0.00 50.00  0.00 611.58 
4  6.00  0.00 66.00  0.00 26.00  0.00 46.00  0.00 650.05 
4  6.00  0.00 60.00  0.00 24.00  0.00 42.00  0.00 666.00 
4  6.00  0.00 54.00  0.00 22.00  0.00 38.00  0.00 633.87 
4  6.00  0.00 48.00  0.00 20.00  0.00 34.00  0.00 631.43 
4  6.00  0.00 42.00  0.00 18.00  0.00 30.00  0.00 758.54 
4  6.00  0.00 36.00  0.00 16.00  0.00 26.00  0.00 993.25 
4  6.00  0.00 30.00  0.00 14.00  0.00 22.00  0.00 1328.63 
4  6.00  0.00 24.00  0.00 12.00  0.00 18.00  0.00 2390.87 
4  6.00  0.00 18.00  0.00 10.00  0.00 14.00  0.00 4534.04 
4  6.00  0.00 12.00  0.00 8.00  0.00 10.00  0.00 7637.51 
4  8.00  0.00 92.00  0.00 36.00  0.00 64.00  0.00 643.25 
4  8.00  0.00 86.00  0.00 34.00  0.00 60.00  0.00 601.36 
4  8.00  0.00 80.00  0.00 32.00  0.00 56.00  0.00 557.13 
4  8.00  0.00 74.00  0.00 30.00  0.00 52.00  0.00 585.06 
4  8.00  0.00 68.00  0.00 28.00  0.00 48.00  0.00 627.40 
4  8.00  0.00 62.00  0.00 26.00  0.00 44.00  0.00 673.32 
4  8.00  0.00 56.00  0.00 24.00  0.00 40.00  0.00 662.41 
4  8.00  0.00 50.00  0.00 22.00  0.00 36.00  0.00 636.39 
4  8.00  0.00 44.00  0.00 20.00  0.00 32.00  0.00 688.70 
4  8.00  0.00 38.00  0.00 18.00  0.00 28.00  0.00 898.60 
4  8.00  0.00 32.00  0.00 16.00  0.00 24.00  0.00 1256.23 
4  8.00  0.00 26.00  0.00 14.00  0.00 20.00  0.00 1820.79 
4  8.00  0.00 20.00  0.00 12.00  0.00 16.00  0.00 3540.77 
4  8.00  0.00 14.00  0.00 10.00  0.00 12.00  0.00 5873.53 
4  10.00  0.00 94.00  0.00 38.00  0.00 66.00  0.00 653.60 
4  10.00  0.00 88.00  0.00 36.00  0.00 62.00  0.00 616.23 
4  10.00  0.00 82.00  0.00 34.00  0.00 58.00  0.00 569.43 
4  10.00  0.00 76.00  0.00 32.00  0.00 54.00  0.00 541.41 
4  10.00  0.00 70.00  0.00 30.00  0.00 50.00  0.00 606.21 
4  10.00  0.00 64.00  0.00 28.00  0.00 46.00  0.00 650.48 
4  10.00  0.00 58.00  0.00 26.00  0.00 42.00  0.00 681.97 
4  10.00  0.00 52.00  0.00 24.00  0.00 38.00  0.00 645.19 
4  10.00  0.00 46.00  0.00 22.00  0.00 34.00  0.00 660.21 
4  10.00  0.00 40.00  0.00 20.00  0.00 30.00  0.00 766.06 
4  10.00  0.00 34.00  0.00 18.00  0.00 26.00  0.00 1042.80 
4  10.00  0.00 28.00  0.00 16.00  0.00 22.00  0.00 1527.79 
4  10.00  0.00 22.00  0.00 14.00  0.00 18.00  0.00 2210.55 
4  10.00  0.00 16.00  0.00 12.00  0.00 14.00  0.00 4390.43 
4  12.00  0.00 90.00  0.00 38.00  0.00 64.00  0.00 625.80 
4  12.00  0.00 84.00  0.00 36.00  0.00 60.00  0.00 572.06 
4  12.00  0.00 78.00  0.00 34.00  0.00 56.00  0.00 536.35 
4  12.00  0.00 72.00  0.00 32.00  0.00 52.00  0.00 569.15 
4  12.00  0.00 66.00  0.00 30.00  0.00 48.00  0.00 621.08 
4  12.00  0.00 60.00  0.00 28.00  0.00 44.00  0.00 662.39 
4  12.00  0.00 54.00  0.00 26.00  0.00 40.00  0.00 659.54 
4  12.00  0.00 48.00  0.00 24.00  0.00 36.00  0.00 652.48 
4  12.00  0.00 42.00  0.00 22.00  0.00 32.00  0.00 692.65 
4  12.00  0.00 36.00  0.00 20.00  0.00 28.00  0.00 837.47 
4  12.00  0.00 30.00  0.00 18.00  0.00 24.00  0.00 1140.57 
4  12.00  0.00 24.00  0.00 16.00  0.00 20.00  0.00 1710.98 
4  12.00  0.00 18.00  0.00 14.00  0.00 16.00  0.00 2312.51 
4  14.00  0.00 92.00  0.00 40.00  0.00 66.00  0.00 632.48 
4  14.00  0.00 86.00  0.00 38.00  0.00 62.00  0.00 579.95 
4  14.00  0.00 80.00  0.00 36.00  0.00 58.00  0.00 518.26 
4  14.00  0.00 74.00  0.00 34.00  0.00 54.00  0.00 509.49 
4  14.00  0.00 68.00  0.00 32.00  0.00 50.00  0.00 561.40 
4  14.00  0.00 62.00  0.00 30.00  0.00 46.00  0.00 614.80 
4  14.00  0.00 56.00  0.00 28.00  0.00 42.00  0.00 631.71 
4  14.00  0.00 50.00  0.00 26.00  0.00 38.00  0.00 623.05 
4  14.00  0.00 44.00  0.00 24.00  0.00 34.00  0.00 632.41 
4  14.00  0.00 38.00  0.00 22.00  0.00 30.00  0.00 703.44 
4  14.00  0.00 32.00  0.00 20.00  0.00 26.00  0.00 790.95 
4  14.00  0.00 26.00  0.00 18.00  0.00 22.00  0.00 1115.54 
4  14.00  0.00 20.00  0.00 16.00  0.00 18.00  0.00 1658.49 
4  16.00  0.00 94.00  0.00 42.00  0.00 68.00  0.00 649.63 
4  16.00  0.00 88.00  0.00 40.00  0.00 64.00  0.00 595.72 
4  16.00  0.00 82.00  0.00 38.00  0.00 60.00  0.00 512.03 
4  16.00  0.00 76.00  0.00 36.00  0.00 56.00  0.00 468.86 
4  16.00  0.00 70.00  0.00 34.00  0.00 52.00  0.00 510.06 
4  16.00  0.00 64.00  0.00 32.00  0.00 48.00  0.00 553.83 
4  16.00  0.00 58.00  0.00 30.00  0.00 44.00  0.00 588.64 
4  16.00  0.00 52.00  0.00 28.00  0.00 40.00  0.00 570.20 
4  16.00  0.00 46.00  0.00 26.00  0.00 36.00  0.00 606.57 
4  16.00  0.00 40.00  0.00 24.00  0.00 32.00  0.00 646.09 
4  16.00  0.00 34.00  0.00 22.00  0.00 28.00  0.00 717.60 
4  16.00  0.00 28.00  0.00 20.00  0.00 24.00  0.00 757.18 
4  16.00  0.00 22.00  0.00 18.00  0.00 20.00  0.00 1220.28 
4  18.00  0.00 90.00  0.00 42.00  0.00 66.00  0.00 605.08 
4  18.00  0.00 84.00  0.00 40.00  0.00 62.00  0.00 536.76 
4  18.00  0.00 78.00  0.00 38.00  0.00 58.00  0.00 458.37 
4  18.00  0.00 72.00  0.00 36.00  0.00 54.00  0.00 447.97 
4  18.00  0.00 66.00  0.00 34.00  0.00 50.00  0.00 513.45 
4  18.00  0.00 60.00  0.00 32.00  0.00 46.00  0.00 550.08 
4  18.00  0.00 54.00  0.00 30.00  0.00 42.00  0.00 561.06 
4  18.00  0.00 48.00  0.00 28.00  0.00 38.00  0.00 581.98 
4  18.00  0.00 42.00  0.00 26.00  0.00 34.00  0.00 623.90 
4  18.00  0.00 36.00  0.00 24.00  0.00 30.00  0.00 715.07 
4  18.00  0.00 30.00  0.00 22.00  0.00 26.00  0.00 688.83 
4  18.00  0.00 24.00  0.00 20.00  0.00 22.00  0.00 771.56 
4  20.00  0.00 92.00  0.00 44.00  0.00 68.00  0.00 636.21 
4  20.00  0.00 86.00  0.00 42.00  0.00 64.00  0.00 563.26 
4  20.00  0.00 80.00  0.00 40.00  0.00 60.00  0.00 463.88 
4  20.00  0.00 74.00  0.00 38.00  0.00 56.00  0.00 420.24 
4  20.00  0.00 68.00  0.00 36.00  0.00 52.00  0.00 449.56 
4  20.00  0.00 62.00  0.00 34.00  0.00 48.00  0.00 510.08 
4  20.00  0.00 56.00  0.00 32.00  0.00 44.00  0.00 526.04 
4  20.00  0.00 50.00  0.00 30.00  0.00 40.00  0.00 542.32 
4  20.00  0.00 44.00  0.00 28.00  0.00 36.00  0.00 598.88 
4  20.00  0.00 38.00  0.00 26.00  0.00 32.00  0.00 679.54 
4  20.00  0.00 32.00  0.00 24.00  0.00 28.00  0.00 727.65 
4  20.00  0.00 26.00  0.00 22.00  0.00 24.00  0.00 678.29 
4  22.00  0.00 94.00  0.00 46.00  0.00 70.00  0.00 644.29 
4  22.00  0.00 88.00  0.00 44.00  0.00 66.00  0.00 590.69 
4  22.00  0.00 82.00  0.00 42.00  0.00 62.00  0.00 487.94 
4  22.00  0.00 76.00  0.00 40.00  0.00 58.00  0.00 405.08 
4  22.00  0.00 70.00  0.00 38.00  0.00 54.00  0.00 379.62 
4  22.00  0.00 64.00  0.00 36.00  0.00 50.00  0.00 442.53 
4  22.00  0.00 58.00  0.00 34.00  0.00 46.00  0.00 480.62 
4  22.00  0.00 52.00  0.00 32.00  0.00 42.00  0.00 474.80 
4  22.00  0.00 46.00  0.00 30.00  0.00 38.00  0.00 553.28 
4  22.00  0.00 40.00  0.00 28.00  0.00 34.00  0.00 634.56 
4  22.00  0.00 34.00  0.00 26.00  0.00 30.00  0.00 735.54 
4  22.00  0.00 28.00  0.00 24.00  0.00 26.00  0.00 672.03 
4  24.00  0.00 90.00  0.00 46.00  0.00 68.00  0.00 624.34 
4  24.00  0.00 84.00  0.00 44.00  0.00 64.00  0.00 530.36 
4  24.00  0.00 78.00  0.00 42.00  0.00 60.00  0.00 411.85 
4  24.00  0.00 72.00  0.00 40.00  0.00 56.00  0.00 369.66 
4  24.00  0.00 66.00  0.00 38.00  0.00 52.00  0.00 384.98 
4  24.00  0.00 60.00  0.00 36.00  0.00 48.00  0.00 430.50 
4  24.00  0.00 54.00  0.00 34.00  0.00 44.00  0.00 446.84 
4  24.00  0.00 48.00  0.00 32.00  0.00 40.00  0.00 500.16 
4  24.00  0.00 42.00  0.00 30.00  0.00 36.00  0.00 617.08 
4  24.00  0.00 36.00  0.00 28.00  0.00 32.00  0.00 766.30 
4  24.00  0.00 30.00  0.00 26.00  0.00 28.00  0.00 893.12 
4  26.00  0.00 92.00  0.00 48.00  0.00 70.00  0.00 631.90 
4  26.00  0.00 86.00  0.00 46.00  0.00 66.00  0.00 572.29 
4  26.00  0.00 80.00  0.00 44.00  0.00 62.00  0.00 448.08 
4  26.00  0.00 74.00  0.00 42.00  0.00 58.00  0.00 365.57 
4  26.00  0.00 68.00  0.00 40.00  0.00 54.00  0.00 326.09 
4  26.00  0.00 62.00  0.00 38.00  0.00 50.00  0.00 380.77 
4  26.00  0.00 56.00  0.00 36.00  0.00 46.00  0.00 408.14 
4  26.00  0.00 50.00  0.00 34.00  0.00 42.00  0.00 461.74 
4  26.00  0.00 44.00  0.00 32.00  0.00 38.00  0.00 581.62 
4  26.00  0.00 38.00  0.00 30.00  0.00 34.00  0.00 777.15 
4  26.00  0.00 32.00  0.00 28.00  0.00 30.00  0.00 949.21 
4  28.00  0.00 94.00  0.00 50.00  0.00 72.00  0.00 646.54 
4  28.00  0.00 88.00  0.00 48.00  0.00 68.00  0.00 626.07 
4  28.00  0.00 82.00  0.00 46.00  0.00 64.00  0.00 506.16 
4  28.00  0.00 76.00  0.00 44.00  0.00 60.00  0.00 380.56 
4  28.00  0.00 70.00  0.00 42.00  0.00 56.00  0.00 328.60 
4  28.00  0.00 64.00  0.00 40.00  0.00 52.00  0.00 349.29 
4  28.00  0.00 58.00  0.00 38.00  0.00 48.00  0.00 383.17 
4  28.00  0.00 52.00  0.00 36.00  0.00 44.00  0.00 423.11 
4  28.00  0.00 46.00  0.00 34.00  0.00 40.00  0.00 599.82 
4  28.00  0.00 40.00  0.00 32.00  0.00 36.00  0.00 878.34 
4  28.00  0.00 34.00  0.00 30.00  0.00 32.00  0.00 1195.47 
4  30.00  0.00 90.00  0.00 50.00  0.00 70.00  0.00 635.34 
4  30.00  0.00 84.00  0.00 48.00  0.00 66.00  0.00 559.32 
4  30.00  0.00 78.00  0.00 46.00  0.00 62.00  0.00 429.85 
4  30.00  0.00 72.00  0.00 44.00  0.00 58.00  0.00 352.58 
4  30.00  0.00 66.00  0.00 42.00  0.00 54.00  0.00 304.66 
4  30.00  0.00 60.00  0.00 40.00  0.00 50.00  0.00 365.37 
4  30.00  0.00 54.00  0.00 38.00  0.00 46.00  0.00 395.28 
4  30.00  0.00 48.00  0.00 36.00  0.00 42.00  0.00 576.33 
4  30.00  0.00 42.00  0.00 34.00  0.00 38.00  0.00 892.88 
4  30.00  0.00 36.00  0.00 32.00  0.00 34.00  0.00 1365.01 
4  32.00  0.00 92.00  0.00 52.00  0.00 72.00  0.00 652.37 
4  32.00  0.00 86.00  0.00 50.00  0.00 68.00  0.00 623.70 
4  32.00  0.00 80.00  0.00 48.00  0.00 64.00  0.00 485.74 
4  32.00  0.00 74.00  0.00 46.00  0.00 60.00  0.00 381.40 
4  32.00  0.00 68.00  0.00 44.00  0.00 56.00  0.00 316.23 
4  32.00  0.00 62.00  0.00 42.00  0.00 52.00  0.00 337.22 
4  32.00  0.00 56.00  0.00 40.00  0.00 48.00  0.00 387.32 
4  32.00  0.00 50.00  0.00 38.00  0.00 44.00  0.00 499.99 
4  32.00  0.00 44.00  0.00 36.00  0.00 40.00  0.00 849.99 
4  32.00  0.00 38.00  0.00 34.00  0.00 36.00  0.00 1422.60 
4  34.00  0.00 94.00  0.00 54.00  0.00 74.00  0.00 710.25 
4  34.00  0.00 88.00  0.00 52.00  0.00 70.00  0.00 650.43 
4  34.00  0.00 82.00  0.00 50.00  0.00 66.00  0.00 545.58 
4  34.00  0.00 76.00  0.00 48.00  0.00 62.00  0.00 418.07 
4  34.00  0.00 70.00  0.00 46.00  0.00 58.00  0.00 349.87 
4  34.00  0.00 64.00  0.00 44.00  0.00 54.00  0.00 304.60 
4  34.00  0.00 58.00  0.00 42.00  0.00 50.00  0.00 365.02 
4  34.00  0.00 52.00  0.00 40.00  0.00 46.00  0.00 448.91 
4  34.00  0.00 46.00  0.00 38.00  0.00 42.00  0.00 752.74 
4  34.00  0.00 40.00  0.00 36.00  0.00 38.00  0.00 1574.94 
4  36.00  0.00 90.00  0.00 54.00  0.00 72.00  0.00 684.86 
4  36.00  0.00 84.00  0.00 52.00  0.00 68.00  0.00 624.81 
4  36.00  0.00 78.00  0.00 50.00  0.00 64.00  0.00 479.02 
4  36.00  0.00 72.00  0.00 48.00  0.00 60.00  0.00 391.91 
4  36.00  0.00 66.00  0.00 46.00  0.00 56.00  0.00 342.56 
4  36.00  0.00 60.00  0.00 44.00  0.00 52.00  0.00 360.09 
4  36.00  0.00 54.00  0.00 42.00  0.00 48.00  0.00 427.16 
4  36.00  0.00 48.00  0.00 40.00  0.00 44.00  0.00 708.78 
4  36.00  0.00 42.00  0.00 38.00  0.00 40.00  0.00 1368.69 
4  38.00  0.00 92.00  0.00 56.00  0.00 74.00  0.00 733.05 
4  38.00  0.00 86.00  0.00 54.00  0.00 70.00  0.00 677.66 
4  38.00  0.00 80.00  0.00 52.00  0.00 66.00  0.00 534.27 
4  38.00  0.00 74.00  0.00 50.00  0.00 62.00  0.00 433.79 
4  38.00  0.00 68.00  0.00 48.00  0.00 58.00  0.00 359.10 
4  38.00  0.00 62.00  0.00 46.00  0.00 54.00  0.00 330.45 
4  38.00  0.00 56.00  0.00 44.00  0.00 50.00  0.00 398.01 
4  38.00  0.00 50.00  0.00 42.00  0.00 46.00  0.00 592.78 
4  38.00  0.00 44.00  0.00 40.00  0.00 42.00  0.00 1213.82 
4  40.00  0.00 94.00  0.00 58.00  0.00 76.00  0.00 766.20 
4  40.00  0.00 88.00  0.00 56.00  0.00 72.00  0.00 709.49 
4  40.00  0.00 82.00  0.00 54.00  0.00 68.00  0.00 635.48 
4  40.00  0.00 76.00  0.00 52.00  0.00 64.00  0.00 467.39 
4  40.00  0.00 70.00  0.00 50.00  0.00 60.00  0.00 387.09 
4  40.00  0.00 64.00  0.00 48.00  0.00 56.00  0.00 350.72 
4  40.00  0.00 58.00  0.00 46.00  0.00 52.00  0.00 371.41 
4  40.00  0.00 52.00  0.00 44.00  0.00 48.00  0.00 459.14 
4  40.00  0.00 46.00  0.00 42.00  0.00 44.00  0.00 943.89 
4  42.00  0.00 90.00  0.00 58.00  0.00 74.00  0.00 746.03 
4  42.00  0.00 84.00  0.00 56.00  0.00 70.00  0.00 676.70 
4  42.00  0.00 78.00  0.00 54.00  0.00 66.00  0.00 543.53 
4  42.00  0.00 72.00  0.00 52.00  0.00 62.00  0.00 430.39 
4  42.00  0.00 66.00  0.00 50.00  0.00 58.00  0.00 364.97 
4  42.00  0.00 60.00  0.00 48.00  0.00 54.00  0.00 317.17 
4  42.00  0.00 54.00  0.00 46.00  0.00 50.00  0.00 385.04 
4  42.00  0.00 48.00  0.00 44.00  0.00 46.00  0.00 703.08 
4  44.00  0.00 92.00  0.00 60.00  0.00 76.00  0.00 763.71 
4  44.00  0.00 86.00  0.00 58.00  0.00 72.00  0.00 699.49 
4  44.00  0.00 80.00  0.00 56.00  0.00 68.00  0.00 613.64 
4  44.00  0.00 74.00  0.00 54.00  0.00 64.00  0.00 497.02 
4  44.00  0.00 68.00  0.00 52.00  0.00 60.00  0.00 358.86 
4  44.00  0.00 62.00  0.00 50.00  0.00 56.00  0.00 329.50 
4  44.00  0.00 56.00  0.00 48.00  0.00 52.00  0.00 334.60 
4  44.00  0.00 50.00  0.00 46.00  0.00 48.00  0.00 547.72 
4  46.00  0.00 94.00  0.00 62.00  0.00 78.00  0.00 723.23 
4  46.00  0.00 88.00  0.00 60.00  0.00 74.00  0.00 747.35 
4  46.00  0.00 82.00  0.00 58.00  0.00 70.00  0.00 641.29 
4  46.00  0.00 76.00  0.00 56.00  0.00 66.00  0.00 521.92 
4  46.00  0.00 70.00  0.00 54.00  0.00 62.00  0.00 437.34 
4  46.00  0.00 64.00  0.00 52.00  0.00 58.00  0.00 326.97 
4  46.00  0.00 58.00  0.00 50.00  0.00 54.00  0.00 272.39 
4  46.00  0.00 52.00  0.00 48.00  0.00 50.00  0.00 391.12 
4  48.00  0.00 90.00  0.00 62.00  0.00 76.00  0.00 750.54 
4  48.00  0.00 84.00  0.00 60.00  0.00 72.00  0.00 668.73 
4  48.00  0.00 78.00  0.00 58.00  0.00 68.00  0.00 581.99 
4  48.00  0.00 72.00  0.00 56.00  0.00 64.00  0.00 496.26 
4  48.00  0.00 66.00  0.00 54.00  0.00 60.00  0.00 395.45 
4  48.00  0.00 60.00  0.00 52.00  0.00 56.00  0.00 283.76 
4  48.00  0.00 54.00  0.00 50.00  0.00 52.00  0.00 351.50 
4  50.00  0.00 92.00  0.00 64.00  0.00 78.00  0.00 695.75 
4  50.00  0.00 86.00  0.00 62.00  0.00 74.00  0.00 715.18 
4  50.00  0.00 80.00  0.00 60.00  0.00 70.00  0.00 594.34 
4  50.00  0.00 74.00  0.00 58.00  0.00 66.00  0.00 524.96 
4  50.00  0.00 68.00  0.00 56.00  0.00 62.00  0.00 436.15 
4  50.00  0.00 62.00  0.00 54.00  0.00 58.00  0.00 361.00 
4  50.00  0.00 56.00  0.00 52.00  0.00 54.00  0.00 320.33 
4  52.00  0.00 94.00  0.00 66.00  0.00 80.00  0.00 651.39 
4  52.00  0.00 88.00  0.00 64.00  0.00 76.00  0.00 737.21 
4  52.00  0.00 82.00  0.00 62.00  0.00 72.00  0.00 609.48 
4  52.00  0.00 76.00  0.00 60.00  0.00 68.00  0.00 547.79 
4  52.00  0.00 70.00  0.00 58.00  0.00 64.00  0.00 484.64 
4  52.00  0.00 64.00  0.00 56.00  0.00 60.00  0.00 416.16 
4  52.00  0.00 58.00  0.00 54.00  0.00 56.00  0.00 415.28 
4  54.00  0.00 90.00  0.00 66.00  0.00 78.00  0.00 671.46 
4  54.00  0.00 84.00  0.00 64.00  0.00 74.00  0.00 660.17 
4  54.00  0.00 78.00  0.00 62.00  0.00 70.00  0.00 535.14 
4  54.00  0.00 72.00  0.00 60.00  0.00 66.00  0.00 513.12 
4  54.00  0.00 66.00  0.00 58.00  0.00 62.00  0.00 515.18 
4  54.00  0.00 60.00  0.00 56.00  0.00 58.00  0.00 591.34 
4  56.00  0.00 92.00  0.00 68.00  0.00 80.00  0.00 635.26 
4  56.00  0.00 86.00  0.00 66.00  0.00 76.00  0.00 730.43 
4  56.00  0.00 80.00  0.00 64.00  0.00 72.00  0.00 570.18 
4  56.00  0.00 74.00  0.00 62.00  0.00 68.00  0.00 591.59 
4  56.00  0.00 68.00  0.00 60.00  0.00 64.00  0.00 567.78 
4  56.00  0.00 62.00  0.00 58.00  0.00 60.00  0.00 844.06 
4  58.00  0.00 94.00  0.00 70.00  0.00 82.00  0.00 614.45 
4  58.00  0.00 88.00  0.00 68.00  0.00 78.00  0.00 699.96 
4  58.00  0.00 82.00  0.00 66.00  0.00 74.00  0.00 667.15 
4  58.00  0.00 76.00  0.00 64.00  0.00 70.00  0.00 559.68 
4  58.00  0.00 70.00  0.00 62.00  0.00 66.00  0.00 629.88 
4  58.00  0.00 64.00  0.00 60.00  0.00 62.00  0.00 1051.17 
4  60.00  0.00 90.00  0.00 70.00  0.00 80.00  0.00 684.27 
4  60.00  0.00 84.00  0.00 68.00  0.00 76.00  0.00 723.47 
4  60.00  0.00 78.00  0.00 66.00  0.00 72.00  0.00 588.45 
4  60.00  0.00 72.00  0.00 64.00  0.00 68.00  0.00 692.76 
4  60.00  0.00 66.00  0.00 62.00  0.00 64.00  0.00 1190.55 
4  62.00  0.00 92.00  0.00 72.00  0.00 82.00  0.00 666.97 
4  62.00  0.00 86.00  0.00 70.00  0.00 78.00  0.00 741.16 
4  62.00  0.00 80.00  0.00 68.00  0.00 74.00  0.00 657.49 
4  62.00  0.00 74.00  0.00 66.00  0.00 70.00  0.00 738.73 
4  62.00  0.00 68.00  0.00 64.00  0.00 66.00  0.00 1167.83 
4  64.00  0.00 94.00  0.00 74.00  0.00 84.00  0.00 640.30 
4  64.00  0.00 88.00  0.00 72.00  0.00 80.00  0.00 755.91 
4  64.00  0.00 82.00  0.00 70.00  0.00 76.00  0.00 757.49 
4  64.00  0.00 76.00  0.00 68.00  0.00 72.00  0.00 646.84 
4  64.00  0.00 70.00  0.00 66.00  0.00 68.00  0.00 1217.44 
4  66.00  0.00 90.00  0.00 74.00  0.00 82.00  0.00 688.72 
4  66.00  0.00 84.00  0.00 72.00  0.00 78.00  0.00 765.70 
4  66.00  0.00 78.00  0.00 70.00  0.00 74.00  0.00 740.87 
4  66.00  0.00 72.00  0.00 68.00  0.00 70.00  0.00 935.39 
4  68.00  0.00 92.00  0.00 76.00  0.00 84.00  0.00 645.28 
4  68.00  0.00 86.00  0.00 74.00  0.00 80.00  0.00 755.63 
4  68.00  0.00 80.00  0.00 72.00  0.00 76.00  0.00 791.78 
4  68.00  0.00 74.00  0.00 70.00  0.00 72.00  0.00 1064.53 
4  70.00  0.00 94.00  0.00 78.00  0.00 86.00  0.00 648.43 
4  70.00  0.00 88.00  0.00 76.00  0.00 82.00  0.00 658.47 
4  70.00  0.00 82.00  0.00 74.00  0.00 78.00  0.00 726.14 
4  70.00  0.00 76.00  0.00 72.00  0.00 74.00  0.00 981.38 
4  72.00  0.00 90.00  0.00 78.00  0.00 84.00  0.00 669.23 
4  72.00  0.00 84.00  0.00 76.00  0.00 80.00  0.00 667.37 
4  72.00  0.00 78.00  0.00 74.00  0.00 76.00  0.00 952.40 
4  74.00  0.00 92.00  0.00 80.00  0.00 86.00  0.00 730.17 
4  74.00  0.00 86.00  0.00 78.00  0.00 82.00  0.00 720.53 
4  74.00  0.00 80.00  0.00 76.00  0.00 78.00  0.00 866.16 
4  76.00  0.00 94.00  0.00 82.00  0.00 88.00  0.00 810.14 
4  76.00  0.00 88.00  0.00 80.00  0.00 84.00  0.00 800.52 
4  76.00  0.00 82.00  0.00 78.00  0.00 80.00  0.00 803.95 
4  78.00  0.00 90.00  0.00 82.00  0.00 86.00  0.00 844.89 
4  78.00  0.00 84.00  0.00 80.00  0.00 82.00  0.00 820.02 
4  80.00  0.00 92.00  0.00 84.00  0.00 88.00  0.00 955.10 
4  80.00  0.00 86.00  0.00 82.00  0.00 84.00  0.00 1082.82 
4  82.00  0.00 94.00  0.00 86.00  0.00 90.00  0.00 962.29 
4  82.00  0.00 88.00  0.00 84.00  0.00 86.00  0.00 1340.54 
4  84.00  0.00 90.00  0.00 86.00  0.00 88.00  0.00 1719.59 
4  86.00  0.00 92.00  0.00 88.00  0.00 90.00  0.00 1735.41 
4  88.00  0.00 94.00  0.00 90.00  0.00 92.00  0.00 1789.28 
Topography in separate list
2
48
0.00,663.18
2.00,663.44
4.00,663.69
6.00,663.91
8.00,664.27
10.00,664.46
12.00,664.54
14.00,664.55
16.00,664.58
18.00,664.56
20.00,664.56
22.00,664.61
24.00,664.64
26.00,664.74
28.00,664.86
30.00,664.95
32.00,665.15
34.00,665.37
36.00,665.65
38.00,665.79
40.00,665.94
42.00,666.13
44.00,666.31
46.00,666.49
48.00,666.62
50.00,666.76
52.00,667.11
54.00,667.28
56.00,667.43
58.00,667.64
60.00,667.79
62.00,668.01
64.00,668.16
66.00,668.35
68.00,668.45
70.00,668.72
72.00,668.92
74.00,669.18
76.00,669.46
78.00,669.64
80.00,669.86
82.00,670.06
84.00,670.20
86.00,670.32
88.00,670.51
90.00,670.59
92.00,670.87
94.00,670.95
1
0
0
0
0
