G1WS48E2.bin
         2.00
11
7
Type of measurement (0=app. resistivity,1=resistance)
0
480
 2
0
4  0.00  0.00 6.00  0.00 2.00  0.00 4.00  0.00 13902.56 
4  0.00  0.00 10.00  0.00 4.00  0.00 6.00  0.00 7748.28 
4  0.00  0.00 14.00  0.00 6.00  0.00 8.00  0.00 4314.28 
4  0.00  0.00 18.00  0.00 8.00  0.00 10.00  0.00 2721.71 
4  0.00  0.00 24.00  0.00 10.00  0.00 14.00  0.00 1669.60 
4  0.00  0.00 28.00  0.00 12.00  0.00 16.00  0.00 1132.69 
4  0.00  0.00 32.00  0.00 14.00  0.00 18.00  0.00 930.87 
4  0.00  0.00 36.00  0.00 16.00  0.00 20.00  0.00 915.76 
4  0.00  0.00 42.00  0.00 18.00  0.00 24.00  0.00 664.10 
4  0.00  0.00 46.00  0.00 20.00  0.00 26.00  0.00 559.52 
4  0.00  0.00 50.00  0.00 22.00  0.00 28.00  0.00 577.25 
4  0.00  0.00 54.00  0.00 24.00  0.00 30.00  0.00 571.95 
4  0.00  0.00 60.00  0.00 26.00  0.00 34.00  0.00 649.32 
4  0.00  0.00 64.00  0.00 28.00  0.00 36.00  0.00 667.15 
4  0.00  0.00 68.00  0.00 30.00  0.00 38.00  0.00 678.18 
4  0.00  0.00 72.00  0.00 32.00  0.00 40.00  0.00 671.59 
4  0.00  0.00 78.00  0.00 34.00  0.00 44.00  0.00 623.94 
4  0.00  0.00 82.00  0.00 36.00  0.00 46.00  0.00 575.43 
4  0.00  0.00 86.00  0.00 38.00  0.00 48.00  0.00 511.95 
4  0.00  0.00 90.00  0.00 40.00  0.00 50.00  0.00 457.18 
4  2.00  0.00 8.00  0.00 4.00  0.00 6.00  0.00 10956.04 
4  2.00  0.00 12.00  0.00 6.00  0.00 8.00  0.00 7486.20 
4  2.00  0.00 16.00  0.00 8.00  0.00 10.00  0.00 4130.49 
4  2.00  0.00 20.00  0.00 10.00  0.00 12.00  0.00 2746.68 
4  2.00  0.00 26.00  0.00 12.00  0.00 16.00  0.00 1428.21 
4  2.00  0.00 30.00  0.00 14.00  0.00 18.00  0.00 1064.38 
4  2.00  0.00 34.00  0.00 16.00  0.00 20.00  0.00 1012.58 
4  2.00  0.00 38.00  0.00 18.00  0.00 22.00  0.00 756.87 
4  2.00  0.00 44.00  0.00 20.00  0.00 26.00  0.00 574.74 
4  2.00  0.00 48.00  0.00 22.00  0.00 28.00  0.00 577.94 
4  2.00  0.00 52.00  0.00 24.00  0.00 30.00  0.00 580.22 
4  2.00  0.00 56.00  0.00 26.00  0.00 32.00  0.00 640.32 
4  2.00  0.00 62.00  0.00 28.00  0.00 36.00  0.00 674.44 
4  2.00  0.00 66.00  0.00 30.00  0.00 38.00  0.00 691.48 
4  2.00  0.00 70.00  0.00 32.00  0.00 40.00  0.00 673.71 
4  2.00  0.00 74.00  0.00 34.00  0.00 42.00  0.00 664.99 
4  2.00  0.00 80.00  0.00 36.00  0.00 46.00  0.00 572.29 
4  2.00  0.00 84.00  0.00 38.00  0.00 48.00  0.00 517.93 
4  2.00  0.00 88.00  0.00 40.00  0.00 50.00  0.00 466.43 
4  2.00  0.00 92.00  0.00 42.00  0.00 52.00  0.00 396.12 
4  4.00  0.00 10.00  0.00 6.00  0.00 8.00  0.00 10056.74 
4  4.00  0.00 14.00  0.00 8.00  0.00 10.00  0.00 6279.41 
4  4.00  0.00 18.00  0.00 10.00  0.00 12.00  0.00 4256.01 
4  4.00  0.00 22.00  0.00 12.00  0.00 14.00  0.00 2497.51 
4  4.00  0.00 28.00  0.00 14.00  0.00 18.00  0.00 1298.76 
4  4.00  0.00 32.00  0.00 16.00  0.00 20.00  0.00 1149.22 
4  4.00  0.00 36.00  0.00 18.00  0.00 22.00  0.00 836.17 
4  4.00  0.00 40.00  0.00 20.00  0.00 24.00  0.00 623.67 
4  4.00  0.00 46.00  0.00 22.00  0.00 28.00  0.00 600.92 
4  4.00  0.00 50.00  0.00 24.00  0.00 30.00  0.00 586.31 
4  4.00  0.00 54.00  0.00 26.00  0.00 32.00  0.00 637.99 
4  4.00  0.00 58.00  0.00 28.00  0.00 34.00  0.00 655.49 
4  4.00  0.00 64.00  0.00 30.00  0.00 38.00  0.00 694.43 
4  4.00  0.00 68.00  0.00 32.00  0.00 40.00  0.00 676.68 
4  4.00  0.00 72.00  0.00 34.00  0.00 42.00  0.00 671.43 
4  4.00  0.00 76.00  0.00 36.00  0.00 44.00  0.00 600.46 
4  4.00  0.00 82.00  0.00 38.00  0.00 48.00  0.00 516.09 
4  4.00  0.00 86.00  0.00 40.00  0.00 50.00  0.00 470.19 
4  4.00  0.00 90.00  0.00 42.00  0.00 52.00  0.00 392.56 
4  4.00  0.00 94.00  0.00 44.00  0.00 54.00  0.00 350.41 
4  6.00  0.00 12.00  0.00 8.00  0.00 10.00  0.00 7739.74 
4  6.00  0.00 16.00  0.00 10.00  0.00 12.00  0.00 5505.62 
4  6.00  0.00 20.00  0.00 12.00  0.00 14.00  0.00 3345.46 
4  6.00  0.00 24.00  0.00 14.00  0.00 16.00  0.00 1628.04 
4  6.00  0.00 30.00  0.00 16.00  0.00 20.00  0.00 1307.62 
4  6.00  0.00 34.00  0.00 18.00  0.00 22.00  0.00 957.14 
4  6.00  0.00 38.00  0.00 20.00  0.00 24.00  0.00 680.40 
4  6.00  0.00 42.00  0.00 22.00  0.00 26.00  0.00 579.33 
4  6.00  0.00 48.00  0.00 24.00  0.00 30.00  0.00 594.17 
4  6.00  0.00 52.00  0.00 26.00  0.00 32.00  0.00 626.74 
4  6.00  0.00 56.00  0.00 28.00  0.00 34.00  0.00 649.56 
4  6.00  0.00 60.00  0.00 30.00  0.00 36.00  0.00 686.92 
4  6.00  0.00 66.00  0.00 32.00  0.00 40.00  0.00 684.03 
4  6.00  0.00 70.00  0.00 34.00  0.00 42.00  0.00 670.90 
4  6.00  0.00 74.00  0.00 36.00  0.00 44.00  0.00 605.26 
4  6.00  0.00 78.00  0.00 38.00  0.00 46.00  0.00 532.30 
4  6.00  0.00 84.00  0.00 40.00  0.00 50.00  0.00 470.10 
4  6.00  0.00 88.00  0.00 42.00  0.00 52.00  0.00 410.21 
4  6.00  0.00 92.00  0.00 44.00  0.00 54.00  0.00 355.31 
4  8.00  0.00 14.00  0.00 10.00  0.00 12.00  0.00 5907.51 
4  8.00  0.00 18.00  0.00 12.00  0.00 14.00  0.00 4429.84 
4  8.00  0.00 22.00  0.00 14.00  0.00 16.00  0.00 2112.70 
4  8.00  0.00 26.00  0.00 16.00  0.00 18.00  0.00 1724.25 
4  8.00  0.00 32.00  0.00 18.00  0.00 22.00  0.00 1099.10 
4  8.00  0.00 36.00  0.00 20.00  0.00 24.00  0.00 766.94 
4  8.00  0.00 40.00  0.00 22.00  0.00 26.00  0.00 632.21 
4  8.00  0.00 44.00  0.00 24.00  0.00 28.00  0.00 612.26 
4  8.00  0.00 50.00  0.00 26.00  0.00 32.00  0.00 637.23 
4  8.00  0.00 54.00  0.00 28.00  0.00 34.00  0.00 647.24 
4  8.00  0.00 58.00  0.00 30.00  0.00 36.00  0.00 686.26 
4  8.00  0.00 62.00  0.00 32.00  0.00 38.00  0.00 703.21 
4  8.00  0.00 68.00  0.00 34.00  0.00 42.00  0.00 671.03 
4  8.00  0.00 72.00  0.00 36.00  0.00 44.00  0.00 612.77 
4  8.00  0.00 76.00  0.00 38.00  0.00 46.00  0.00 530.22 
4  8.00  0.00 80.00  0.00 40.00  0.00 48.00  0.00 478.84 
4  8.00  0.00 86.00  0.00 42.00  0.00 52.00  0.00 410.11 
4  8.00  0.00 90.00  0.00 44.00  0.00 54.00  0.00 356.44 
4  8.00  0.00 94.00  0.00 46.00  0.00 56.00  0.00 346.55 
4  10.00  0.00 16.00  0.00 12.00  0.00 14.00  0.00 4376.03 
4  10.00  0.00 20.00  0.00 14.00  0.00 16.00  0.00 2392.52 
4  10.00  0.00 24.00  0.00 16.00  0.00 18.00  0.00 1912.28 
4  10.00  0.00 28.00  0.00 18.00  0.00 20.00  0.00 1437.07 
4  10.00  0.00 34.00  0.00 20.00  0.00 24.00  0.00 839.53 
4  10.00  0.00 38.00  0.00 22.00  0.00 26.00  0.00 677.76 
4  10.00  0.00 42.00  0.00 24.00  0.00 28.00  0.00 642.53 
4  10.00  0.00 46.00  0.00 26.00  0.00 30.00  0.00 648.87 
4  10.00  0.00 52.00  0.00 28.00  0.00 34.00  0.00 639.10 
4  10.00  0.00 56.00  0.00 30.00  0.00 36.00  0.00 682.20 
4  10.00  0.00 60.00  0.00 32.00  0.00 38.00  0.00 704.05 
4  10.00  0.00 64.00  0.00 34.00  0.00 40.00  0.00 698.63 
4  10.00  0.00 70.00  0.00 36.00  0.00 44.00  0.00 610.89 
4  10.00  0.00 74.00  0.00 38.00  0.00 46.00  0.00 535.66 
4  10.00  0.00 78.00  0.00 40.00  0.00 48.00  0.00 477.16 
4  10.00  0.00 82.00  0.00 42.00  0.00 50.00  0.00 427.17 
4  10.00  0.00 88.00  0.00 44.00  0.00 54.00  0.00 361.58 
4  10.00  0.00 92.00  0.00 46.00  0.00 56.00  0.00 373.48 
4  12.00  0.00 18.00  0.00 14.00  0.00 16.00  0.00 2303.55 
4  12.00  0.00 22.00  0.00 16.00  0.00 18.00  0.00 1881.19 
4  12.00  0.00 26.00  0.00 18.00  0.00 20.00  0.00 1448.70 
4  12.00  0.00 30.00  0.00 20.00  0.00 22.00  0.00 938.43 
4  12.00  0.00 36.00  0.00 22.00  0.00 26.00  0.00 713.49 
4  12.00  0.00 40.00  0.00 24.00  0.00 28.00  0.00 666.70 
4  12.00  0.00 44.00  0.00 26.00  0.00 30.00  0.00 656.30 
4  12.00  0.00 48.00  0.00 28.00  0.00 32.00  0.00 643.03 
4  12.00  0.00 54.00  0.00 30.00  0.00 36.00  0.00 666.78 
4  12.00  0.00 58.00  0.00 32.00  0.00 38.00  0.00 690.73 
4  12.00  0.00 62.00  0.00 34.00  0.00 40.00  0.00 696.95 
4  12.00  0.00 66.00  0.00 36.00  0.00 42.00  0.00 646.70 
4  12.00  0.00 72.00  0.00 38.00  0.00 46.00  0.00 535.28 
4  12.00  0.00 76.00  0.00 40.00  0.00 48.00  0.00 472.42 
4  12.00  0.00 80.00  0.00 42.00  0.00 50.00  0.00 420.86 
4  12.00  0.00 84.00  0.00 44.00  0.00 52.00  0.00 389.44 
4  12.00  0.00 90.00  0.00 46.00  0.00 56.00  0.00 379.87 
4  12.00  0.00 94.00  0.00 48.00  0.00 58.00  0.00 411.32 
4  14.00  0.00 20.00  0.00 16.00  0.00 18.00  0.00 1660.17 
4  14.00  0.00 24.00  0.00 18.00  0.00 20.00  0.00 1298.33 
4  14.00  0.00 28.00  0.00 20.00  0.00 22.00  0.00 860.15 
4  14.00  0.00 32.00  0.00 22.00  0.00 24.00  0.00 709.78 
4  14.00  0.00 38.00  0.00 24.00  0.00 28.00  0.00 658.03 
4  14.00  0.00 42.00  0.00 26.00  0.00 30.00  0.00 640.57 
4  14.00  0.00 46.00  0.00 28.00  0.00 32.00  0.00 620.41 
4  14.00  0.00 50.00  0.00 30.00  0.00 34.00  0.00 606.35 
4  14.00  0.00 56.00  0.00 32.00  0.00 38.00  0.00 653.88 
4  14.00  0.00 60.00  0.00 34.00  0.00 40.00  0.00 669.94 
4  14.00  0.00 64.00  0.00 36.00  0.00 42.00  0.00 626.95 
4  14.00  0.00 68.00  0.00 38.00  0.00 44.00  0.00 549.19 
4  14.00  0.00 74.00  0.00 40.00  0.00 48.00  0.00 464.54 
4  14.00  0.00 78.00  0.00 42.00  0.00 50.00  0.00 409.21 
4  14.00  0.00 82.00  0.00 44.00  0.00 52.00  0.00 382.51 
4  14.00  0.00 86.00  0.00 46.00  0.00 54.00  0.00 339.45 
4  14.00  0.00 92.00  0.00 48.00  0.00 58.00  0.00 421.96 
4  16.00  0.00 22.00  0.00 18.00  0.00 20.00  0.00 1223.15 
4  16.00  0.00 26.00  0.00 20.00  0.00 22.00  0.00 784.77 
4  16.00  0.00 30.00  0.00 22.00  0.00 24.00  0.00 673.63 
4  16.00  0.00 34.00  0.00 24.00  0.00 26.00  0.00 621.49 
4  16.00  0.00 40.00  0.00 26.00  0.00 30.00  0.00 633.49 
4  16.00  0.00 44.00  0.00 28.00  0.00 32.00  0.00 594.38 
4  16.00  0.00 48.00  0.00 30.00  0.00 34.00  0.00 576.91 
4  16.00  0.00 52.00  0.00 32.00  0.00 36.00  0.00 581.94 
4  16.00  0.00 58.00  0.00 34.00  0.00 40.00  0.00 626.45 
4  16.00  0.00 62.00  0.00 36.00  0.00 42.00  0.00 599.00 
4  16.00  0.00 66.00  0.00 38.00  0.00 44.00  0.00 530.54 
4  16.00  0.00 70.00  0.00 40.00  0.00 46.00  0.00 465.17 
4  16.00  0.00 76.00  0.00 42.00  0.00 50.00  0.00 391.51 
4  16.00  0.00 80.00  0.00 44.00  0.00 52.00  0.00 364.03 
4  16.00  0.00 84.00  0.00 46.00  0.00 54.00  0.00 327.55 
4  16.00  0.00 88.00  0.00 48.00  0.00 56.00  0.00 361.83 
4  16.00  0.00 94.00  0.00 50.00  0.00 60.00  0.00 477.77 
4  18.00  0.00 24.00  0.00 20.00  0.00 22.00  0.00 770.99 
4  18.00  0.00 28.00  0.00 22.00  0.00 24.00  0.00 671.11 
4  18.00  0.00 32.00  0.00 24.00  0.00 26.00  0.00 628.97 
4  18.00  0.00 36.00  0.00 26.00  0.00 28.00  0.00 698.15 
4  18.00  0.00 42.00  0.00 28.00  0.00 32.00  0.00 606.41 
4  18.00  0.00 46.00  0.00 30.00  0.00 34.00  0.00 575.33 
4  18.00  0.00 50.00  0.00 32.00  0.00 36.00  0.00 567.87 
4  18.00  0.00 54.00  0.00 34.00  0.00 38.00  0.00 601.73 
4  18.00  0.00 60.00  0.00 36.00  0.00 42.00  0.00 578.77 
4  18.00  0.00 64.00  0.00 38.00  0.00 44.00  0.00 515.89 
4  18.00  0.00 68.00  0.00 40.00  0.00 46.00  0.00 450.57 
4  18.00  0.00 72.00  0.00 42.00  0.00 48.00  0.00 398.57 
4  18.00  0.00 78.00  0.00 44.00  0.00 52.00  0.00 353.35 
4  18.00  0.00 82.00  0.00 46.00  0.00 54.00  0.00 318.96 
4  18.00  0.00 86.00  0.00 48.00  0.00 56.00  0.00 356.98 
4  18.00  0.00 90.00  0.00 50.00  0.00 58.00  0.00 419.73 
4  20.00  0.00 26.00  0.00 22.00  0.00 24.00  0.00 679.00 
4  20.00  0.00 30.00  0.00 24.00  0.00 26.00  0.00 652.83 
4  20.00  0.00 34.00  0.00 26.00  0.00 28.00  0.00 724.17 
4  20.00  0.00 38.00  0.00 28.00  0.00 30.00  0.00 643.93 
4  20.00  0.00 44.00  0.00 30.00  0.00 34.00  0.00 575.32 
4  20.00  0.00 48.00  0.00 32.00  0.00 36.00  0.00 558.99 
4  20.00  0.00 52.00  0.00 34.00  0.00 38.00  0.00 558.28 
4  20.00  0.00 56.00  0.00 36.00  0.00 40.00  0.00 553.13 
4  20.00  0.00 62.00  0.00 38.00  0.00 44.00  0.00 498.70 
4  20.00  0.00 66.00  0.00 40.00  0.00 46.00  0.00 440.66 
4  20.00  0.00 70.00  0.00 42.00  0.00 48.00  0.00 384.36 
4  20.00  0.00 74.00  0.00 44.00  0.00 50.00  0.00 354.94 
4  20.00  0.00 80.00  0.00 46.00  0.00 54.00  0.00 305.68 
4  20.00  0.00 84.00  0.00 48.00  0.00 56.00  0.00 347.78 
4  20.00  0.00 88.00  0.00 50.00  0.00 58.00  0.00 418.30 
4  20.00  0.00 92.00  0.00 52.00  0.00 60.00  0.00 505.39 
4  22.00  0.00 28.00  0.00 24.00  0.00 26.00  0.00 671.31 
4  22.00  0.00 32.00  0.00 26.00  0.00 28.00  0.00 722.49 
4  22.00  0.00 36.00  0.00 28.00  0.00 30.00  0.00 694.78 
4  22.00  0.00 40.00  0.00 30.00  0.00 32.00  0.00 620.07 
4  22.00  0.00 46.00  0.00 32.00  0.00 36.00  0.00 544.93 
4  22.00  0.00 50.00  0.00 34.00  0.00 38.00  0.00 529.28 
4  22.00  0.00 54.00  0.00 36.00  0.00 40.00  0.00 502.31 
4  22.00  0.00 58.00  0.00 38.00  0.00 42.00  0.00 489.63 
4  22.00  0.00 64.00  0.00 40.00  0.00 46.00  0.00 418.69 
4  22.00  0.00 68.00  0.00 42.00  0.00 48.00  0.00 364.18 
4  22.00  0.00 72.00  0.00 44.00  0.00 50.00  0.00 342.29 
4  22.00  0.00 76.00  0.00 46.00  0.00 52.00  0.00 318.42 
4  22.00  0.00 82.00  0.00 48.00  0.00 56.00  0.00 333.51 
4  22.00  0.00 86.00  0.00 50.00  0.00 58.00  0.00 407.37 
4  22.00  0.00 90.00  0.00 52.00  0.00 60.00  0.00 497.82 
4  22.00  0.00 94.00  0.00 54.00  0.00 62.00  0.00 649.48 
4  24.00  0.00 30.00  0.00 26.00  0.00 28.00  0.00 894.75 
4  24.00  0.00 34.00  0.00 28.00  0.00 30.00  0.00 760.04 
4  24.00  0.00 38.00  0.00 30.00  0.00 32.00  0.00 669.25 
4  24.00  0.00 42.00  0.00 32.00  0.00 34.00  0.00 561.84 
4  24.00  0.00 48.00  0.00 34.00  0.00 38.00  0.00 525.14 
4  24.00  0.00 52.00  0.00 36.00  0.00 40.00  0.00 457.69 
4  24.00  0.00 56.00  0.00 38.00  0.00 42.00  0.00 452.39 
4  24.00  0.00 60.00  0.00 40.00  0.00 44.00  0.00 425.31 
4  24.00  0.00 66.00  0.00 42.00  0.00 48.00  0.00 354.20 
4  24.00  0.00 70.00  0.00 44.00  0.00 50.00  0.00 326.25 
4  24.00  0.00 74.00  0.00 46.00  0.00 52.00  0.00 309.41 
4  24.00  0.00 78.00  0.00 48.00  0.00 54.00  0.00 254.81 
4  24.00  0.00 84.00  0.00 50.00  0.00 58.00  0.00 392.86 
4  24.00  0.00 88.00  0.00 52.00  0.00 60.00  0.00 492.12 
4  24.00  0.00 92.00  0.00 54.00  0.00 62.00  0.00 643.93 
4  26.00  0.00 32.00  0.00 28.00  0.00 30.00  0.00 954.35 
4  26.00  0.00 36.00  0.00 30.00  0.00 32.00  0.00 857.21 
4  26.00  0.00 40.00  0.00 32.00  0.00 34.00  0.00 665.11 
4  26.00  0.00 44.00  0.00 34.00  0.00 36.00  0.00 593.81 
4  26.00  0.00 50.00  0.00 36.00  0.00 40.00  0.00 463.30 
4  26.00  0.00 54.00  0.00 38.00  0.00 42.00  0.00 417.94 
4  26.00  0.00 58.00  0.00 40.00  0.00 44.00  0.00 398.86 
4  26.00  0.00 62.00  0.00 42.00  0.00 46.00  0.00 348.96 
4  26.00  0.00 68.00  0.00 44.00  0.00 50.00  0.00 312.06 
4  26.00  0.00 72.00  0.00 46.00  0.00 52.00  0.00 300.84 
4  26.00  0.00 76.00  0.00 48.00  0.00 54.00  0.00 250.24 
4  26.00  0.00 80.00  0.00 50.00  0.00 56.00  0.00 302.54 
4  26.00  0.00 86.00  0.00 52.00  0.00 60.00  0.00 478.13 
4  26.00  0.00 90.00  0.00 54.00  0.00 62.00  0.00 625.46 
4  26.00  0.00 94.00  0.00 56.00  0.00 64.00  0.00 759.19 
4  28.00  0.00 34.00  0.00 30.00  0.00 32.00  0.00 1200.83 
4  28.00  0.00 38.00  0.00 32.00  0.00 34.00  0.00 912.40 
4  28.00  0.00 42.00  0.00 34.00  0.00 36.00  0.00 752.41 
4  28.00  0.00 46.00  0.00 36.00  0.00 38.00  0.00 602.94 
4  28.00  0.00 52.00  0.00 38.00  0.00 42.00  0.00 412.75 
4  28.00  0.00 56.00  0.00 40.00  0.00 44.00  0.00 389.11 
4  28.00  0.00 60.00  0.00 42.00  0.00 46.00  0.00 343.67 
4  28.00  0.00 64.00  0.00 44.00  0.00 48.00  0.00 319.01 
4  28.00  0.00 70.00  0.00 46.00  0.00 52.00  0.00 292.64 
4  28.00  0.00 74.00  0.00 48.00  0.00 54.00  0.00 248.33 
4  28.00  0.00 78.00  0.00 50.00  0.00 56.00  0.00 291.52 
4  28.00  0.00 82.00  0.00 52.00  0.00 58.00  0.00 389.55 
4  28.00  0.00 88.00  0.00 54.00  0.00 62.00  0.00 620.15 
4  28.00  0.00 92.00  0.00 56.00  0.00 64.00  0.00 723.90 
4  30.00  0.00 36.00  0.00 32.00  0.00 34.00  0.00 1377.80 
4  30.00  0.00 40.00  0.00 34.00  0.00 36.00  0.00 1023.81 
4  30.00  0.00 44.00  0.00 36.00  0.00 38.00  0.00 756.23 
4  30.00  0.00 48.00  0.00 38.00  0.00 40.00  0.00 530.36 
4  30.00  0.00 54.00  0.00 40.00  0.00 44.00  0.00 391.06 
4  30.00  0.00 58.00  0.00 42.00  0.00 46.00  0.00 341.42 
4  30.00  0.00 62.00  0.00 44.00  0.00 48.00  0.00 321.32 
4  30.00  0.00 66.00  0.00 46.00  0.00 50.00  0.00 304.30 
4  30.00  0.00 72.00  0.00 48.00  0.00 54.00  0.00 246.80 
4  30.00  0.00 76.00  0.00 50.00  0.00 56.00  0.00 281.62 
4  30.00  0.00 80.00  0.00 52.00  0.00 58.00  0.00 370.64 
4  30.00  0.00 84.00  0.00 54.00  0.00 60.00  0.00 534.69 
4  30.00  0.00 90.00  0.00 56.00  0.00 64.00  0.00 709.39 
4  30.00  0.00 94.00  0.00 58.00  0.00 66.00  0.00 798.32 
4  32.00  0.00 38.00  0.00 34.00  0.00 36.00  0.00 1422.78 
4  32.00  0.00 42.00  0.00 36.00  0.00 38.00  0.00 1030.11 
4  32.00  0.00 46.00  0.00 38.00  0.00 40.00  0.00 655.28 
4  32.00  0.00 50.00  0.00 40.00  0.00 42.00  0.00 497.39 
4  32.00  0.00 56.00  0.00 42.00  0.00 46.00  0.00 351.60 
4  32.00  0.00 60.00  0.00 44.00  0.00 48.00  0.00 327.57 
4  32.00  0.00 64.00  0.00 46.00  0.00 50.00  0.00 307.99 
4  32.00  0.00 68.00  0.00 48.00  0.00 52.00  0.00 274.22 
4  32.00  0.00 74.00  0.00 50.00  0.00 56.00  0.00 283.68 
4  32.00  0.00 78.00  0.00 52.00  0.00 58.00  0.00 355.67 
4  32.00  0.00 82.00  0.00 54.00  0.00 60.00  0.00 511.41 
4  32.00  0.00 86.00  0.00 56.00  0.00 62.00  0.00 646.38 
4  32.00  0.00 92.00  0.00 58.00  0.00 66.00  0.00 769.25 
4  34.00  0.00 40.00  0.00 36.00  0.00 38.00  0.00 1587.42 
4  34.00  0.00 44.00  0.00 38.00  0.00 40.00  0.00 885.00 
4  34.00  0.00 48.00  0.00 40.00  0.00 42.00  0.00 624.65 
4  34.00  0.00 52.00  0.00 42.00  0.00 44.00  0.00 407.13 
4  34.00  0.00 58.00  0.00 44.00  0.00 48.00  0.00 340.17 
4  34.00  0.00 62.00  0.00 46.00  0.00 50.00  0.00 321.49 
4  34.00  0.00 66.00  0.00 48.00  0.00 52.00  0.00 287.67 
4  34.00  0.00 70.00  0.00 50.00  0.00 54.00  0.00 220.27 
4  34.00  0.00 76.00  0.00 52.00  0.00 58.00  0.00 342.17 
4  34.00  0.00 80.00  0.00 54.00  0.00 60.00  0.00 484.50 
4  34.00  0.00 84.00  0.00 56.00  0.00 62.00  0.00 624.58 
4  34.00  0.00 88.00  0.00 58.00  0.00 64.00  0.00 742.00 
4  34.00  0.00 94.00  0.00 60.00  0.00 68.00  0.00 846.92 
4  36.00  0.00 42.00  0.00 38.00  0.00 40.00  0.00 1376.69 
4  36.00  0.00 46.00  0.00 40.00  0.00 42.00  0.00 836.59 
4  36.00  0.00 50.00  0.00 42.00  0.00 44.00  0.00 538.93 
4  36.00  0.00 54.00  0.00 44.00  0.00 46.00  0.00 381.52 
4  36.00  0.00 60.00  0.00 46.00  0.00 50.00  0.00 346.47 
4  36.00  0.00 64.00  0.00 48.00  0.00 52.00  0.00 305.54 
4  36.00  0.00 68.00  0.00 50.00  0.00 54.00  0.00 227.56 
4  36.00  0.00 72.00  0.00 52.00  0.00 56.00  0.00 284.49 
4  36.00  0.00 78.00  0.00 54.00  0.00 60.00  0.00 464.78 
4  36.00  0.00 82.00  0.00 56.00  0.00 62.00  0.00 598.60 
4  36.00  0.00 86.00  0.00 58.00  0.00 64.00  0.00 726.23 
4  36.00  0.00 90.00  0.00 60.00  0.00 66.00  0.00 793.18 
4  38.00  0.00 44.00  0.00 40.00  0.00 42.00  0.00 1216.49 
4  38.00  0.00 48.00  0.00 42.00  0.00 44.00  0.00 695.25 
4  38.00  0.00 52.00  0.00 44.00  0.00 46.00  0.00 432.04 
4  38.00  0.00 56.00  0.00 46.00  0.00 48.00  0.00 379.60 
4  38.00  0.00 62.00  0.00 48.00  0.00 52.00  0.00 328.35 
4  38.00  0.00 66.00  0.00 50.00  0.00 54.00  0.00 246.41 
4  38.00  0.00 70.00  0.00 52.00  0.00 56.00  0.00 281.03 
4  38.00  0.00 74.00  0.00 54.00  0.00 58.00  0.00 416.59 
4  38.00  0.00 80.00  0.00 56.00  0.00 62.00  0.00 568.65 
4  38.00  0.00 84.00  0.00 58.00  0.00 64.00  0.00 704.65 
4  38.00  0.00 88.00  0.00 60.00  0.00 66.00  0.00 792.08 
4  38.00  0.00 92.00  0.00 62.00  0.00 68.00  0.00 848.17 
4  40.00  0.00 46.00  0.00 42.00  0.00 44.00  0.00 947.22 
4  40.00  0.00 50.00  0.00 44.00  0.00 46.00  0.00 549.48 
4  40.00  0.00 54.00  0.00 46.00  0.00 48.00  0.00 396.60 
4  40.00  0.00 58.00  0.00 48.00  0.00 50.00  0.00 356.01 
4  40.00  0.00 64.00  0.00 50.00  0.00 54.00  0.00 258.87 
4  40.00  0.00 68.00  0.00 52.00  0.00 56.00  0.00 278.37 
4  40.00  0.00 72.00  0.00 54.00  0.00 58.00  0.00 413.82 
4  40.00  0.00 76.00  0.00 56.00  0.00 60.00  0.00 477.24 
4  40.00  0.00 82.00  0.00 58.00  0.00 64.00  0.00 671.97 
4  40.00  0.00 86.00  0.00 60.00  0.00 66.00  0.00 772.38 
4  40.00  0.00 90.00  0.00 62.00  0.00 68.00  0.00 839.16 
4  40.00  0.00 94.00  0.00 64.00  0.00 70.00  0.00 803.66 
4  42.00  0.00 48.00  0.00 44.00  0.00 46.00  0.00 705.28 
4  42.00  0.00 52.00  0.00 46.00  0.00 48.00  0.00 415.43 
4  42.00  0.00 56.00  0.00 48.00  0.00 50.00  0.00 356.11 
4  42.00  0.00 60.00  0.00 50.00  0.00 52.00  0.00 321.93 
4  42.00  0.00 66.00  0.00 52.00  0.00 56.00  0.00 289.98 
4  42.00  0.00 70.00  0.00 54.00  0.00 58.00  0.00 396.53 
4  42.00  0.00 74.00  0.00 56.00  0.00 60.00  0.00 472.97 
4  42.00  0.00 78.00  0.00 58.00  0.00 62.00  0.00 572.51 
4  42.00  0.00 84.00  0.00 60.00  0.00 66.00  0.00 744.19 
4  42.00  0.00 88.00  0.00 62.00  0.00 68.00  0.00 833.67 
4  42.00  0.00 92.00  0.00 64.00  0.00 70.00  0.00 786.53 
4  44.00  0.00 50.00  0.00 46.00  0.00 48.00  0.00 550.11 
4  44.00  0.00 54.00  0.00 48.00  0.00 50.00  0.00 344.18 
4  44.00  0.00 58.00  0.00 50.00  0.00 52.00  0.00 310.99 
4  44.00  0.00 62.00  0.00 52.00  0.00 54.00  0.00 191.55 
4  44.00  0.00 68.00  0.00 54.00  0.00 58.00  0.00 375.99 
4  44.00  0.00 72.00  0.00 56.00  0.00 60.00  0.00 458.76 
4  44.00  0.00 76.00  0.00 58.00  0.00 62.00  0.00 535.77 
4  44.00  0.00 80.00  0.00 60.00  0.00 64.00  0.00 661.98 
4  44.00  0.00 86.00  0.00 62.00  0.00 68.00  0.00 803.54 
4  44.00  0.00 90.00  0.00 64.00  0.00 70.00  0.00 770.96 
4  44.00  0.00 94.00  0.00 66.00  0.00 72.00  0.00 743.17 
4  46.00  0.00 52.00  0.00 48.00  0.00 50.00  0.00 396.04 
4  46.00  0.00 56.00  0.00 50.00  0.00 52.00  0.00 305.88 
4  46.00  0.00 60.00  0.00 52.00  0.00 54.00  0.00 189.84 
4  46.00  0.00 64.00  0.00 54.00  0.00 56.00  0.00 345.58 
4  46.00  0.00 70.00  0.00 56.00  0.00 60.00  0.00 429.76 
4  46.00  0.00 74.00  0.00 58.00  0.00 62.00  0.00 522.60 
4  46.00  0.00 78.00  0.00 60.00  0.00 64.00  0.00 616.59 
4  46.00  0.00 82.00  0.00 62.00  0.00 66.00  0.00 700.52 
4  46.00  0.00 88.00  0.00 64.00  0.00 70.00  0.00 759.35 
4  46.00  0.00 92.00  0.00 66.00  0.00 72.00  0.00 725.00 
4  48.00  0.00 54.00  0.00 50.00  0.00 52.00  0.00 350.52 
4  48.00  0.00 58.00  0.00 52.00  0.00 54.00  0.00 197.77 
4  48.00  0.00 62.00  0.00 54.00  0.00 56.00  0.00 335.31 
4  48.00  0.00 66.00  0.00 56.00  0.00 58.00  0.00 393.28 
4  48.00  0.00 72.00  0.00 58.00  0.00 62.00  0.00 503.20 
4  48.00  0.00 76.00  0.00 60.00  0.00 64.00  0.00 572.17 
4  48.00  0.00 80.00  0.00 62.00  0.00 66.00  0.00 647.16 
4  48.00  0.00 84.00  0.00 64.00  0.00 68.00  0.00 761.99 
4  48.00  0.00 90.00  0.00 66.00  0.00 72.00  0.00 711.91 
4  48.00  0.00 94.00  0.00 68.00  0.00 74.00  0.00 716.31 
4  50.00  0.00 56.00  0.00 52.00  0.00 54.00  0.00 323.27 
4  50.00  0.00 60.00  0.00 54.00  0.00 56.00  0.00 323.37 
4  50.00  0.00 64.00  0.00 56.00  0.00 58.00  0.00 372.65 
4  50.00  0.00 68.00  0.00 58.00  0.00 60.00  0.00 413.64 
4  50.00  0.00 74.00  0.00 60.00  0.00 64.00  0.00 558.27 
4  50.00  0.00 78.00  0.00 62.00  0.00 66.00  0.00 599.28 
4  50.00  0.00 82.00  0.00 64.00  0.00 68.00  0.00 708.30 
4  50.00  0.00 86.00  0.00 66.00  0.00 70.00  0.00 716.61 
4  50.00  0.00 92.00  0.00 68.00  0.00 74.00  0.00 702.65 
4  52.00  0.00 58.00  0.00 54.00  0.00 56.00  0.00 417.46 
4  52.00  0.00 62.00  0.00 56.00  0.00 58.00  0.00 381.00 
4  52.00  0.00 66.00  0.00 58.00  0.00 60.00  0.00 423.66 
4  52.00  0.00 70.00  0.00 60.00  0.00 62.00  0.00 497.54 
4  52.00  0.00 76.00  0.00 62.00  0.00 66.00  0.00 552.06 
4  52.00  0.00 80.00  0.00 64.00  0.00 68.00  0.00 647.75 
4  52.00  0.00 84.00  0.00 66.00  0.00 70.00  0.00 676.88 
4  52.00  0.00 88.00  0.00 68.00  0.00 72.00  0.00 633.31 
4  52.00  0.00 94.00  0.00 70.00  0.00 76.00  0.00 739.84 
4  54.00  0.00 60.00  0.00 56.00  0.00 58.00  0.00 590.35 
4  54.00  0.00 64.00  0.00 58.00  0.00 60.00  0.00 449.28 
4  54.00  0.00 68.00  0.00 60.00  0.00 62.00  0.00 479.68 
4  54.00  0.00 72.00  0.00 62.00  0.00 64.00  0.00 534.24 
4  54.00  0.00 78.00  0.00 64.00  0.00 68.00  0.00 590.64 
4  54.00  0.00 82.00  0.00 66.00  0.00 70.00  0.00 619.26 
4  54.00  0.00 86.00  0.00 68.00  0.00 72.00  0.00 603.87 
4  54.00  0.00 90.00  0.00 70.00  0.00 74.00  0.00 706.93 
4  56.00  0.00 62.00  0.00 58.00  0.00 60.00  0.00 849.62 
4  56.00  0.00 66.00  0.00 60.00  0.00 62.00  0.00 626.59 
4  56.00  0.00 70.00  0.00 62.00  0.00 64.00  0.00 565.43 
4  56.00  0.00 74.00  0.00 64.00  0.00 66.00  0.00 564.39 
4  56.00  0.00 80.00  0.00 66.00  0.00 70.00  0.00 599.88 
4  56.00  0.00 84.00  0.00 68.00  0.00 72.00  0.00 598.21 
4  56.00  0.00 88.00  0.00 70.00  0.00 74.00  0.00 733.81 
4  56.00  0.00 92.00  0.00 72.00  0.00 76.00  0.00 788.49 
4  58.00  0.00 64.00  0.00 60.00  0.00 62.00  0.00 1050.11 
4  58.00  0.00 68.00  0.00 62.00  0.00 64.00  0.00 650.27 
4  58.00  0.00 72.00  0.00 64.00  0.00 66.00  0.00 587.28 
4  58.00  0.00 76.00  0.00 66.00  0.00 68.00  0.00 647.42 
4  58.00  0.00 82.00  0.00 68.00  0.00 72.00  0.00 580.09 
4  58.00  0.00 86.00  0.00 70.00  0.00 74.00  0.00 736.13 
4  58.00  0.00 90.00  0.00 72.00  0.00 76.00  0.00 814.55 
4  58.00  0.00 94.00  0.00 74.00  0.00 78.00  0.00 673.39 
4  60.00  0.00 66.00  0.00 62.00  0.00 64.00  0.00 1197.63 
4  60.00  0.00 70.00  0.00 64.00  0.00 66.00  0.00 700.59 
4  60.00  0.00 74.00  0.00 66.00  0.00 68.00  0.00 709.28 
4  60.00  0.00 78.00  0.00 68.00  0.00 70.00  0.00 530.85 
4  60.00  0.00 84.00  0.00 70.00  0.00 74.00  0.00 728.32 
4  60.00  0.00 88.00  0.00 72.00  0.00 76.00  0.00 849.17 
4  60.00  0.00 92.00  0.00 74.00  0.00 78.00  0.00 694.93 
4  62.00  0.00 68.00  0.00 64.00  0.00 66.00  0.00 1169.31 
4  62.00  0.00 72.00  0.00 66.00  0.00 68.00  0.00 839.25 
4  62.00  0.00 76.00  0.00 68.00  0.00 70.00  0.00 568.28 
4  62.00  0.00 80.00  0.00 70.00  0.00 72.00  0.00 595.39 
4  62.00  0.00 86.00  0.00 72.00  0.00 76.00  0.00 856.65 
4  62.00  0.00 90.00  0.00 74.00  0.00 78.00  0.00 728.29 
4  62.00  0.00 94.00  0.00 76.00  0.00 80.00  0.00 591.13 
4  64.00  0.00 70.00  0.00 66.00  0.00 68.00  0.00 1229.47 
4  64.00  0.00 74.00  0.00 68.00  0.00 70.00  0.00 702.80 
4  64.00  0.00 78.00  0.00 70.00  0.00 72.00  0.00 612.31 
4  64.00  0.00 82.00  0.00 72.00  0.00 74.00  0.00 801.43 
4  64.00  0.00 88.00  0.00 74.00  0.00 78.00  0.00 767.03 
4  64.00  0.00 92.00  0.00 76.00  0.00 80.00  0.00 619.30 
4  66.00  0.00 72.00  0.00 68.00  0.00 70.00  0.00 935.39 
4  66.00  0.00 76.00  0.00 70.00  0.00 72.00  0.00 696.68 
4  66.00  0.00 80.00  0.00 72.00  0.00 74.00  0.00 768.29 
4  66.00  0.00 84.00  0.00 74.00  0.00 76.00  0.00 864.85 
4  66.00  0.00 90.00  0.00 76.00  0.00 80.00  0.00 644.50 
4  66.00  0.00 94.00  0.00 78.00  0.00 82.00  0.00 590.41 
4  68.00  0.00 74.00  0.00 70.00  0.00 72.00  0.00 1077.96 
4  68.00  0.00 78.00  0.00 72.00  0.00 74.00  0.00 801.12 
4  68.00  0.00 82.00  0.00 74.00  0.00 76.00  0.00 843.55 
4  68.00  0.00 86.00  0.00 76.00  0.00 78.00  0.00 665.48 
4  68.00  0.00 92.00  0.00 78.00  0.00 82.00  0.00 622.36 
4  70.00  0.00 76.00  0.00 72.00  0.00 74.00  0.00 987.87 
4  70.00  0.00 80.00  0.00 74.00  0.00 76.00  0.00 798.32 
4  70.00  0.00 84.00  0.00 76.00  0.00 78.00  0.00 639.38 
4  70.00  0.00 88.00  0.00 78.00  0.00 80.00  0.00 673.66 
4  70.00  0.00 94.00  0.00 80.00  0.00 84.00  0.00 610.79 
4  72.00  0.00 78.00  0.00 74.00  0.00 76.00  0.00 957.75 
4  72.00  0.00 82.00  0.00 76.00  0.00 78.00  0.00 639.19 
4  72.00  0.00 86.00  0.00 78.00  0.00 80.00  0.00 663.64 
4  72.00  0.00 90.00  0.00 80.00  0.00 82.00  0.00 607.87 
4  74.00  0.00 80.00  0.00 76.00  0.00 78.00  0.00 874.75 
4  74.00  0.00 84.00  0.00 78.00  0.00 80.00  0.00 722.97 
4  74.00  0.00 88.00  0.00 80.00  0.00 82.00  0.00 674.60 
4  74.00  0.00 92.00  0.00 82.00  0.00 84.00  0.00 711.95 
4  76.00  0.00 82.00  0.00 78.00  0.00 80.00  0.00 806.32 
4  76.00  0.00 86.00  0.00 80.00  0.00 82.00  0.00 721.74 
4  76.00  0.00 90.00  0.00 82.00  0.00 84.00  0.00 773.81 
4  76.00  0.00 94.00  0.00 84.00  0.00 86.00  0.00 804.95 
4  78.00  0.00 84.00  0.00 80.00  0.00 82.00  0.00 825.59 
4  78.00  0.00 88.00  0.00 82.00  0.00 84.00  0.00 846.00 
4  78.00  0.00 92.00  0.00 84.00  0.00 86.00  0.00 831.86 
4  80.00  0.00 86.00  0.00 82.00  0.00 84.00  0.00 1085.25 
4  80.00  0.00 90.00  0.00 84.00  0.00 86.00  0.00 922.70 
4  80.00  0.00 94.00  0.00 86.00  0.00 88.00  0.00 887.64 
4  82.00  0.00 88.00  0.00 84.00  0.00 86.00  0.00 1346.38 
4  82.00  0.00 92.00  0.00 86.00  0.00 88.00  0.00 1046.56 
4  84.00  0.00 90.00  0.00 86.00  0.00 88.00  0.00 1717.57 
4  84.00  0.00 94.00  0.00 88.00  0.00 90.00  0.00 1105.26 
4  86.00  0.00 92.00  0.00 88.00  0.00 90.00  0.00 1753.49 
4  88.00  0.00 94.00  0.00 90.00  0.00 92.00  0.00 1782.03 
Topography in separate list
2
48
0.00,663.18
2.00,663.44
4.00,663.69
6.00,663.91
8.00,664.27
10.00,664.46
12.00,664.54
14.00,664.55
16.00,664.58
18.00,664.56
20.00,664.56
22.00,664.61
24.00,664.64
26.00,664.74
28.00,664.86
30.00,664.95
32.00,665.15
34.00,665.37
36.00,665.65
38.00,665.79
40.00,665.94
42.00,666.13
44.00,666.31
46.00,666.49
48.00,666.62
50.00,666.76
52.00,667.11
54.00,667.28
56.00,667.43
58.00,667.64
60.00,667.79
62.00,668.01
64.00,668.16
66.00,668.35
68.00,668.45
70.00,668.72
72.00,668.92
74.00,669.18
76.00,669.46
78.00,669.64
80.00,669.86
82.00,670.06
84.00,670.20
86.00,670.32
88.00,670.51
90.00,670.59
92.00,670.87
94.00,670.95
1
0
0
0
0
